time,seconds_elapsed,z,y,x
1782952285875953700,0.06495361328125,0.7715927958488464,0.06635209918022156,0.1725575029850006
1782952285885880800,0.074880859375,0.7349055409431458,0.08167865872383118,0.17980355024337769
1782952285895808800,0.084808837890625,0.7025167346000671,0.09306420385837555,0.16186076402664185
1782952285905735700,0.094735595703125,0.6720237731933594,0.10463643819093704,0.11231424659490585
1782952285915662800,0.104662841796875,0.6461392045021057,0.09843180328607559,0.054784905165433884
1782952285925589800,0.11458984375,0.633219301700592,0.08894198387861252,0.03547851741313934
1782952285935517700,0.124517578125,0.6242716312408447,0.07297766953706741,0.07325386255979538
1782952285945444900,0.13444482421875,0.622538685798645,0.05081324279308319,0.17251913249492645
1782952285955371800,0.144371826171875,0.6469191312789917,0.03809371963143349,0.23856233060359955
1782952285965300000,0.154300048828125,0.708903431892395,0.036820340901613235,0.32094866037368774
1782952285975226600,0.1642265625,0.7694277763366699,0.05924202501773834,0.39561277627944946
1782952285985153800,0.17415380859375,0.8041619062423706,0.057976286858320236,0.4105994999408722
1782952285995080700,0.184080810546875,0.8099830150604248,0.015485813841223717,0.3782927095890045
1782952286005008600,0.194008544921875,0.7776196599006653,-0.046412598341703415,0.33330580592155457
1782952286014935800,0.203935791015625,0.6933698058128357,-0.08330483734607697,0.3015444278717041
1782952286024862700,0.21386279296875,0.6030091047286987,-0.09626506268978119,0.29151326417922974
1782952286034790000,0.223789794921875,0.5309439897537231,-0.0841711163520813,0.2851898670196533
1782952286044717800,0.2337177734375,0.48584866523742676,-0.05289936438202858,0.26653027534484863
1782952286054644700,0.243644775390625,0.45311787724494934,-0.03756248578429222,0.24482524394989014
1782952286064572000,0.253572021484375,0.42264997959136963,-0.04910740256309509,0.2382814884185791
1782952286074499800,0.263499755859375,0.3892326354980469,-0.06226128712296486,0.24967290461063385
1782952286084426800,0.2734267578125,0.3511269688606262,-0.11557689309120178,0.2617761492729187
1782952286094353700,0.283353759765625,0.30201348662376404,-0.23048537969589233,0.2682945132255554
1782952286104280800,0.29328076171875,0.25018709897994995,-0.34581258893013,0.276632696390152
1782952286114208800,0.303208740234375,0.20728062093257904,-0.4055273234844208,0.2913581132888794
1782952286124135700,0.3131357421875,0.18200798332691193,-0.3821939527988434,0.3092310428619385
1782952286134062800,0.323062744140625,0.15217019617557526,-0.269514262676239,0.3231452405452728
1782952286143990800,0.33299072265625,0.1245291531085968,-0.09950742870569229,0.3176986575126648
1782952286153917700,0.342917724609375,0.1034342497587204,0.08858631551265717,0.3073062002658844
1782952286163844900,0.352844970703125,0.10040592402219772,0.2702791094779968,0.2831358313560486
1782952286173771800,0.362771728515625,0.10011324286460876,0.40333569049835205,0.24521003663539886
1782952286183700000,0.372699951171875,0.12035855650901794,0.4434130787849426,0.21205201745033264
1782952286193626600,0.382626708984375,0.1357111632823944,0.3859196901321411,0.19172915816307068
1782952286203553800,0.3925537109375,0.14528605341911316,0.3073440492153168,0.18429745733737946
1782952286213481700,0.402481689453125,0.13560280203819275,0.26062795519828796,0.196732297539711
1782952286223408600,0.41240869140625,0.08793412894010544,0.22992734611034393,0.21386364102363586
1782952286233335800,0.422335693359375,0.04474244639277458,0.18550820648670197,0.2079482227563858
1782952286243262700,0.4322626953125,0.03969074785709381,0.13528260588645935,0.20292818546295166
1782952286253190700,0.442190673828125,0.09413427859544754,0.10572712123394012,0.18141382932662964
1782952286263117800,0.452117919921875,0.18095125257968903,0.08959383517503738,0.16183653473854065
1782952286273044700,0.462044677734375,0.22666653990745544,0.11245094984769821,0.1378140151500702
1782952286282973000,0.471972900390625,0.19826796650886536,0.12592896819114685,0.09807407855987549
1782952286292899800,0.48189990234375,0.12319238483905792,0.1124001070857048,0.08891093730926514
1782952286302826800,0.49182666015625,0.029321549460291862,0.04689939692616463,0.1363985687494278
1782952286312753700,0.501753662109375,-0.07033021003007889,-0.027668047696352005,0.20976252853870392
1782952286322681600,0.511681640625,-0.1692352145910263,-0.1044299378991127,0.2696751356124878
1782952286332608800,0.52160888671875,-0.26002299785614014,-0.17590683698654175,0.32497334480285645
1782952286342535700,0.53153564453125,-0.33309054374694824,-0.17201341688632965,0.3743995428085327
1782952286352462800,0.541462890625,-0.3931325674057007,-0.11265448480844498,0.39876505732536316
1782952286362390800,0.551390869140625,-0.4363056421279907,-0.03305795416235924,0.38379010558128357
1782952286372317700,0.561317626953125,-0.4530358910560608,0.03776748105883598,0.33187949657440186
1782952286382244900,0.571244873046875,-0.4641062021255493,0.11189442127943039,0.25090402364730835
1782952286392172800,0.5811728515625,-0.46624258160591125,0.13052882254123688,0.1410403847694397
1782952286402100000,0.591099853515625,-0.4689548909664154,0.12461665272712708,0.0313873216509819
1782952286412026600,0.601026611328125,-0.47366097569465637,0.12356764078140259,-0.058433111757040024
1782952286421953800,0.610953857421875,-0.47835519909858704,0.1552009880542755,-0.12257455289363861
1782952286431881700,0.6208818359375,-0.47828730940818787,0.20400527119636536,-0.1692965179681778
1782952286441808600,0.63080859375,-0.47140347957611084,0.233938068151474,-0.23278112709522247
1782952286451735800,0.64073583984375,-0.4424375891685486,0.2252252697944641,-0.30499565601348877
1782952286461663700,0.650663818359375,-0.39754998683929443,0.1679093837738037,-0.3964812457561493
1782952286471590700,0.660590576171875,-0.35452234745025635,0.058344289660453796,-0.47776198387145996
1782952286481517800,0.670517822265625,-0.33666396141052246,0.01477404497563839,-0.5193972587585449
1782952286491444700,0.68044482421875,-0.3544999659061432,0.05424288660287857,-0.49837958812713623
1782952286501373000,0.690373046875,-0.3835970461368561,0.10435176640748978,-0.4296664297580719
1782952286511299800,0.7002998046875,-0.4309038519859314,0.17146369814872742,-0.36318352818489075
1782952286521226800,0.710226806640625,-0.46712368726730347,0.15483464300632477,-0.32123467326164246
1782952286531154700,0.72015478515625,-0.457782119512558,0.18383006751537323,-0.2952158749103546
1782952286541081600,0.73008154296875,-0.41122570633888245,0.25489720702171326,-0.26797595620155334
1782952286551008800,0.7400087890625,-0.3460049033164978,0.2566210925579071,-0.2660678029060364
1782952286560935700,0.749935791015625,-0.32712283730506897,0.24562112987041473,-0.26113128662109375
1782952286570863600,0.759863525390625,-0.31754371523857117,0.2103329300880432,-0.2336868792772293
1782952286580790800,0.769790771484375,-0.2890302538871765,0.16481728851795197,-0.18695266544818878
1782952286590717700,0.7797177734375,-0.22567656636238098,0.13185587525367737,-0.11587982624769211
1782952286600646000,0.78964599609375,-0.15645094215869904,0.09271086007356644,-0.019531624391674995
1782952286610572800,0.79957275390625,-0.09635430574417114,0.02682584710419178,0.06329268217086792
1782952286620500000,0.8095,-0.051266010850667953,-0.0016066378448158503,0.11181101948022842
1782952286630426600,0.819426513671875,-0.01604757085442543,0.036606527864933014,0.12150786072015762
1782952286640354600,0.8293544921875,-0.011272968724370003,0.14510175585746765,0.05904302000999451
1782952286650281700,0.83928173828125,-0.014910580590367317,0.23148617148399353,-0.0029582977294921875
1782952286660208600,0.849208740234375,-0.004777432419359684,0.2857738137245178,-0.04733867198228836
1782952286670135800,0.8591357421875,0.014779757708311081,0.2960522770881653,-0.11611108481884003
1782952286680063700,0.869063720703125,0.027603143826127052,0.24223487079143524,-0.17950309813022614
1782952286689990700,0.87899072265625,0.0470396913588047,0.13483944535255432,-0.2251153141260147
1782952286699917800,0.888917724609375,0.06702089309692383,-0.007739672437310219,-0.2565186619758606
1782952286709845800,0.898845703125,0.07784584909677505,-0.16256067156791687,-0.258238285779953
1782952286719772000,0.90877197265625,0.09307367354631424,-0.28038161993026733,-0.22746889293193817
1782952286729698800,0.91869873046875,0.10549838840961456,-0.2947416603565216,-0.1597476452589035
1782952286739626000,0.9286259765625,0.11580472439527512,-0.200921893119812,-0.058865759521722794
1782952286749554000,0.938553955078125,0.13386470079421997,-0.050963547080755234,0.043904826045036316
1782952286759480800,0.948480712890625,0.15950031578540802,0.1328597068786621,0.1283223181962967
1782952286769408000,0.958407958984375,0.1903005838394165,0.2747870087623596,0.18686659634113312
1782952286779336000,0.9683359375,0.2225729525089264,0.3294721841812134,0.1893802136182785
1782952286789263000,0.97826318359375,0.2635289132595062,0.280933678150177,0.15746727585792542
1782952286799189800,0.988189697265625,0.2961433231830597,0.15464793145656586,0.11762373149394989
1782952286809117000,0.998116943359375,0.30809104442596436,-0.0007326072081923485,0.08128436654806137
1782952286819044900,1.008044921875,0.28827255964279175,-0.13878092169761658,0.05671247839927673
1782952286828971800,1.0179716796875,0.2700890004634857,-0.22584150731563568,0.058591071516275406
1782952286838899000,1.02789892578125,0.2611381411552429,-0.25166141986846924,0.0911955013871193
1782952286848825900,1.037825927734375,0.24591657519340515,-0.22783249616622925,0.11693788319826126
1782952286858753800,1.04775390625,0.2397335022687912,-0.15849751234054565,0.13223396241664886
1782952286868681000,1.057680908203125,0.2542453408241272,-0.07425160706043243,0.12055493146181107
1782952286878608000,1.06760791015625,0.2946290373802185,0.013376416638493538,0.09844491630792618
1782952286888536000,1.0775361328125,0.34186846017837524,0.06168269366025925,0.0797673687338829
1782952286898463000,1.087462890625,0.39860379695892334,0.06597232818603516,0.07506077736616135
1782952286908390000,1.097389892578125,0.4660414457321167,0.05385468155145645,0.09073454886674881
1782952286918316800,1.10731689453125,0.507194459438324,0.03135189041495323,0.12523221969604492
1782952286928244700,1.11724462890625,0.5250658392906189,0.03219744563102722,0.15001054108142853
1782952286938172000,1.127171875,0.534234881401062,0.03801247477531433,0.16337552666664124
1782952286948098800,1.137098876953125,0.5271924138069153,0.05172375962138176,0.1557258516550064
1782952286958027000,1.147027099609375,0.5218451023101807,0.056847598403692245,0.13711221516132355
1782952286967954000,1.156953857421875,0.49964237213134766,0.05138758569955826,0.10684112459421158
1782952286977880800,1.166880859375,0.4645642638206482,0.016285523772239685,0.08517391234636307
1782952286987808000,1.17680810546875,0.45259204506874084,-0.027095772325992584,0.08094001561403275
1782952286997736000,1.18673583984375,0.45620831847190857,-0.06276844441890717,0.0877176821231842
1782952287007663000,1.1966630859375,0.45861607789993286,-0.09456551820039749,0.08133887499570847
1782952287017589800,1.20658984375,0.46484482288360596,-0.12764175236225128,0.04439782723784447
1782952287027517000,1.216516845703125,0.46720173954963684,-0.15648218989372253,-0.03235207870602608
1782952287037444900,1.22644482421875,0.47757554054260254,-0.1688869595527649,-0.09016101062297821
1782952287047371800,1.236371826171875,0.4584348797798157,-0.1827782690525055,-0.14021432399749756
1782952287057299000,1.246298828125,0.4184292256832123,-0.15537148714065552,-0.1818985641002655
1782952287067227000,1.256226806640625,0.3625939190387726,-0.09933031350374222,-0.2010573446750641
1782952287077154000,1.266154052734375,0.30536624789237976,-0.042445238679647446,-0.1686979979276657
1782952287087081000,1.2760810546875,0.2423129677772522,0.046318717300891876,-0.10341965407133102
1782952287097007900,1.2860078125,0.2066701501607895,0.15437868237495422,-0.03913338854908943
1782952287106936000,1.29593603515625,0.19205498695373535,0.24314184486865997,0.02213982120156288
1782952287116863000,1.305863037109375,0.19073472917079926,0.2863507568836212,0.06690973788499832
1782952287126790000,1.315789794921875,0.20016364753246307,0.2725955545902252,0.09260444343090057
1782952287136716800,1.325716796875,0.1933578997850418,0.20215676724910736,0.10985981673002243
1782952287146644700,1.335644775390625,0.1848621517419815,0.06977289915084839,0.1284950226545334
1782952287156572000,1.345572021484375,0.19900952279567719,-0.07607465982437134,0.1537090688943863
1782952287166498800,1.355498779296875,0.22432340681552887,-0.18634231388568878,0.17474377155303955
1782952287176427000,1.365427001953125,0.2477043867111206,-0.2384652942419052,0.1785586029291153
1782952287186354000,1.37535400390625,0.24699918925762177,-0.23709216713905334,0.1642337143421173
1782952287196280800,1.38528076171875,0.23039770126342773,-0.1990315169095993,0.1500190645456314
1782952287206208000,1.3952080078125,0.19960623979568481,-0.15346881747245789,0.1468384563922882
1782952287216136000,1.405135986328125,0.17006029188632965,-0.1276487112045288,0.15183290839195251
1782952287226063000,1.41506298828125,0.13210439682006836,-0.15078997611999512,0.1364334523677826
1782952287235989800,1.42498974609375,0.08230403065681458,-0.20734088122844696,0.08531390130519867
1782952287245917700,1.434917724609375,0.006857478059828281,-0.2654811441898346,0.011830629780888557
1782952287255844900,1.444844970703125,-0.07619369029998779,-0.2875920236110687,-0.056424565613269806
1782952287265771800,1.454771728515625,-0.15690983831882477,-0.26596927642822266,-0.09036920964717865
1782952287275699000,1.464698974609375,-0.22972287237644196,-0.1723959743976593,-0.08103743195533752
1782952287285627000,1.474626953125,-0.29030951857566833,-0.02683025225996971,-0.032472290098667145
1782952287295554000,1.484553955078125,-0.32119664549827576,0.15054449439048767,0.03084699995815754
1782952287305481000,1.49448095703125,-0.32782551646232605,0.3042941093444824,0.09165815263986588
1782952287315408000,1.504407958984375,-0.31936636567115784,0.41063448786735535,0.12763945758342743
1782952287325336000,1.514336181640625,-0.2977220416069031,0.43282634019851685,0.13374288380146027
1782952287335263000,1.524262939453125,-0.24918140470981598,0.35758793354034424,0.10899019241333008
1782952287345190000,1.53418994140625,-0.19669023156166077,0.19727015495300293,0.04282768815755844
1782952287355117800,1.544117919921875,-0.14918144047260284,-0.01728043332695961,-0.05047644302248955
1782952287365044700,1.554044677734375,-0.12245289236307144,-0.2227579653263092,-0.1222291961312294
1782952287374972000,1.563971923828125,-0.11981848627328873,-0.3518950045108795,-0.15607498586177826
1782952287384898800,1.57389892578125,-0.15094444155693054,-0.37381255626678467,-0.17018841207027435
1782952287394827000,1.583826904296875,-0.18730801343917847,-0.32628685235977173,-0.1710183471441269
1782952287404754000,1.59375390625,-0.21533165872097015,-0.23851172626018524,-0.14527782797813416
1782952287414680800,1.603680908203125,-0.24217644333839417,-0.12512117624282837,-0.1116890162229538
1782952287424608000,1.61360791015625,-0.2833174765110016,-0.03211507573723793,-0.08198677748441696
1782952287434536000,1.623535888671875,-0.3329053819179535,0.02045859768986702,-0.05224784091114998
1782952287444463000,1.633463134765625,-0.38541120290756226,0.006042639259248972,-0.027117984369397163
1782952287454389800,1.6433896484375,-0.4330310821533203,-0.023462072014808655,-0.010664721950888634
1782952287464317700,1.653317626953125,-0.46951907873153687,-0.07101627439260483,-0.005194322671741247
1782952287474244900,1.663244873046875,-0.48643261194229126,-0.11415459215641022,-0.015271062962710857
1782952287484171800,1.673171875,-0.4958585798740387,-0.14865505695343018,-0.02494685910642147
1782952287494099000,1.683098876953125,-0.5060900449752808,-0.17059700191020966,-0.03733282536268234
1782952287504027000,1.69302685546875,-0.5109572410583496,-0.17453528940677643,-0.04152437299489975
1782952287513954000,1.7029541015625,-0.512191653251648,-0.16464489698410034,-0.03585017845034599
1782952287523881000,1.712880859375,-0.5193973779678345,-0.14607492089271545,-0.030578715726733208
1782952287533809000,1.722808837890625,-0.5349149703979492,-0.11601562798023224,-0.02910103090107441
1782952287543736000,1.732736083984375,-0.5496587753295898,-0.07823176681995392,-0.023733962327241898
1782952287553663000,1.7426630859375,-0.5296808481216431,-0.04645055532455444,-0.030301157385110855
1782952287563590000,1.75258984375,-0.5407891273498535,-0.04002967104315758,-0.043777283281087875
1782952287573517800,1.762517822265625,-0.576349675655365,-0.03858327865600586,-0.04982404038310051
1782952287583444700,1.77244482421875,-0.6083427667617798,-0.027179891243577003,-0.03550049290060997
1782952287593372000,1.782371826171875,-0.6292489767074585,-0.004759813193231821,-0.009995450265705585
1782952287603298800,1.792298828125,-0.6266438364982605,0.003726349212229252,0.0030356631614267826
1782952287613227000,1.80222705078125,-0.6285409927368164,0.011250479146838188,-0.003371354192495346
1782952287623154000,1.81215380859375,-0.644715428352356,0.014429494738578796,-0.023983154445886612
1782952287633080800,1.822080810546875,-0.6614863276481628,-0.014216100797057152,-0.05883000046014786
1782952287643009000,1.832009033203125,-0.6526342630386353,-0.07464562356472015,-0.10432105511426926
1782952287652936000,1.84193603515625,-0.6234504580497742,-0.16270416975021362,-0.14226295053958893
1782952287662863000,1.851863037109375,-0.5826238989830017,-0.25147107243537903,-0.15310733020305634
1782952287672789800,1.861789794921875,-0.527470052242279,-0.3014794588088989,-0.13044236600399017
1782952287682717700,1.8717177734375,-0.46140575408935547,-0.3107334077358246,-0.0973358154296875
1782952287692644900,1.881644775390625,-0.3904133141040802,-0.2938252389431,-0.06923103332519531
1782952287702571800,1.89157177734375,-0.32855314016342163,-0.24981489777565002,-0.06279577314853668
1782952287712499000,1.9014990234375,-0.2859077751636505,-0.1936277151107788,-0.0663943737745285
1782952287722428000,1.911427978515625,-0.2667226195335388,-0.1256217658519745,-0.0788198858499527
1782952287732354600,1.9213544921875,-0.2694212794303894,-0.058509618043899536,-0.10111713409423828
1782952287742281700,1.93128173828125,-0.28529107570648193,-0.020732149481773376,-0.13205374777317047
1782952287752209700,1.941209716796875,-0.31236812472343445,-0.01071582455188036,-0.16050681471824646
1782952287762136600,1.951136474609375,-0.3342207074165344,-0.011778425425291061,-0.16826140880584717
1782952287772063700,1.961063720703125,-0.34139275550842285,0.008427555672824383,-0.15362022817134857
1782952287781990700,1.97099072265625,-0.32807376980781555,0.03237789496779442,-0.14038750529289246
1782952287791918800,1.9809189453125,-0.2895866632461548,0.04733109846711159,-0.12178265303373337
1782952287801845800,1.990845703125,-0.23189592361450195,0.08778531104326248,-0.09149318933486938
1782952287811773000,2.00077294921875,-0.16192786395549774,0.12786491215229034,-0.06183663010597229
1782952287821699800,2.010699951171875,-0.0879359245300293,0.128152534365654,-0.059814758598804474
1782952287831627800,2.020627685546875,-0.02325359731912613,0.06323611736297607,-0.10010279715061188
1782952287841554700,2.0305546875,0.025258544832468033,-0.043078336864709854,-0.1358639895915985
1782952287851481600,2.040481689453125,0.05677803233265877,-0.1229187473654747,-0.14927367866039276
1782952287861409800,2.050409912109375,0.07430775463581085,-0.17102262377738953,-0.15017090737819672
1782952287871336700,2.060336669921875,0.0803966373205185,-0.18996325135231018,-0.14351865649223328
1782952287881263600,2.070263671875,0.09884089231491089,-0.17497684061527252,-0.10362423211336136
1782952287891190800,2.080190673828125,0.1127924770116806,-0.08647249639034271,-0.024763040244579315
1782952287901118700,2.09011865234375,0.11773663759231567,0.0751853734254837,0.07245539128780365
1782952287911046000,2.1000458984375,0.11655321717262268,0.24557845294475555,0.14560890197753906
1782952287920972800,2.109972900390625,0.12258554995059967,0.36515042185783386,0.1674521416425705
1782952287930900000,2.11989990234375,0.1385560780763626,0.3870220482349396,0.13910570740699768
1782952287940828000,2.129827880859375,0.16984476149082184,0.3059370517730713,0.0821596086025238
1782952287950754600,2.139754638671875,0.21703343093395233,0.16919444501399994,0.02732296660542488
1782952287960681700,2.149681640625,0.2594336271286011,0.03604331612586975,0.014505972154438496
1782952287970609700,2.159609619140625,0.2889058589935303,-0.04651595652103424,0.026161884889006615
1782952287980536600,2.16953662109375,0.3011777102947235,-0.07119067758321762,0.043428223580121994
1782952287990463700,2.179463623046875,0.31157344579696655,-0.020557820796966553,0.05224043130874634
1782952288000390700,2.189390625,0.3211706876754761,0.0858309417963028,0.06899304687976837
1782952288010318800,2.19931884765625,0.32041579484939575,0.22790785133838654,0.09038771688938141
1782952288020245800,2.209245849609375,0.3145613670349121,0.3533321022987366,0.10280629992485046
1782952288030173000,2.2191728515625,0.3009108603000641,0.41117528080940247,0.10156325250864029
1782952288040099800,2.229099853515625,0.2855904996395111,0.4095720648765564,0.09948864579200745
1782952288050027800,2.23902783203125,0.2702784836292267,0.36865973472595215,0.0901566818356514
1782952288059954700,2.24895458984375,0.26729974150657654,0.31554192304611206,0.0733388215303421
1782952288069881600,2.258881591796875,0.28396347165107727,0.2515324354171753,0.07307980209589005
1782952288079809800,2.268809814453125,0.31636613607406616,0.1950119286775589,0.08101175725460052
1782952288089736700,2.27873681640625,0.3563143312931061,0.13245771825313568,0.08227819204330444
1782952288099663600,2.28866357421875,0.4010482430458069,0.07511133700609207,0.07961263507604599
1782952288109590800,2.2985908203125,0.43341249227523804,0.027952566742897034,0.07283148914575577
1782952288119518700,2.308518798828125,0.446943461894989,-0.000968030421063304,0.05675079673528671
1782952288129446000,2.31844580078125,0.4536123275756836,-0.024247631430625916,0.03334290534257889
1782952288139372800,2.328372802734375,0.456271767616272,-0.04744189977645874,0.0012201236095279455
1782952288149300000,2.338300048828125,0.44853734970092773,-0.06472253054380417,-0.022301582619547844
1782952288159228000,2.348227783203125,0.42884352803230286,-0.07570221275091171,-0.030846601352095604
1782952288169154600,2.358154541015625,0.4046257734298706,-0.07539235800504684,-0.03862709179520607
1782952288179081700,2.368081787109375,0.3792290687561035,-0.05508894845843315,-0.03180646896362305
1782952288189009700,2.378009765625,0.35371842980384827,-0.024929042905569077,-0.01921631209552288
1782952288198936600,2.3879365234375,0.3260902464389801,0.0030269580893218517,0.005492497235536575
1782952288208863700,2.39786376953125,0.29810068011283875,0.01735609583556652,0.025363672524690628
1782952288218790700,2.407790771484375,0.27866920828819275,0.01470571756362915,0.02845347300171852
1782952288228718800,2.41771875,0.2617027163505554,0.01029231958091259,0.02489563450217247
1782952288238645800,2.427645751953125,0.24249307811260223,0.020072512328624725,0.02742457203567028
1782952288248573000,2.437572998046875,0.22584368288516998,0.016461610794067383,0.03438030183315277
1782952288258499800,2.447499755859375,0.21524561941623688,0.0032256999984383583,0.05164291337132454
1782952288268427800,2.457427734375,0.2316123992204666,-0.02132502570748329,0.08932367712259293
1782952288278354700,2.467354736328125,0.26123473048210144,-0.033317241817712784,0.13714712858200073
1782952288288281600,2.477281494140625,0.28612151741981506,-0.033674195408821106,0.17661717534065247
1782952288298209800,2.487209716796875,0.3029838502407074,-0.040964335203170776,0.189651757478714
1782952288308136700,2.49713671875,0.31274497509002686,-0.041630614548921585,0.19159938395023346
1782952288318063600,2.507063720703125,0.3146648406982422,-0.049090661108493805,0.16537071764469147
1782952288327990800,2.51699072265625,0.3120258152484894,-0.04406571760773659,0.13348788022994995
1782952288337918700,2.526918701171875,0.2999041676521301,-0.037178780883550644,0.10258828848600388
1782952288347846000,2.536845947265625,0.27336013317108154,-0.027552679181098938,0.07496321946382523
1782952288357772800,2.546772705078125,0.2376687228679657,-0.02834869548678398,0.06370683759450912
1782952288367700000,2.556699951171875,0.1987917572259903,-0.027501756325364113,0.08873653411865234
1782952288377628000,2.5666279296875,0.16906554996967316,-0.009297719225287437,0.12201779335737228
1782952288387554600,2.576554443359375,0.14953304827213287,0.005906503647565842,0.13857366144657135
1782952288397481700,2.586481689453125,0.12877024710178375,0.006630617193877697,0.1193767860531807
1782952288407408600,2.59640869140625,0.10202012956142426,-0.016759127378463745,0.07389505207538605
1782952288417336600,2.606336669921875,0.06580566614866257,-0.06441373378038406,0.009776787832379341
1782952288427263700,2.616263671875,0.018213646486401558,-0.14899812638759613,-0.07301290333271027
1782952288437190700,2.626190673828125,-0.0502580888569355,-0.24019648134708405,-0.1560143083333969
1782952288447118800,2.636118896484375,-0.12671154737472534,-0.3174338638782501,-0.21756279468536377
1782952288457045800,2.646045654296875,-0.1943230777978897,-0.3411317467689514,-0.23460355401039124
1782952288466973000,2.655972900390625,-0.2546605169773102,-0.2723439335823059,-0.2060880959033966
1782952288476899800,2.66589990234375,-0.29324012994766235,-0.12757447361946106,-0.13798174262046814
1782952288486827800,2.675827880859375,-0.31299275159835815,0.036365628242492676,-0.05539591982960701
1782952288496754700,2.685754638671875,-0.3131067156791687,0.17565134167671204,0.029236407950520515
1782952288506681600,2.695681640625,-0.294514000415802,0.2524097263813019,0.0914381667971611
1782952288516608800,2.70560888671875,-0.2778242230415344,0.24609375,0.11619224399328232
1782952288526536700,2.71553662109375,-0.2672427296638489,0.17081628739833832,0.10391424596309662
1782952288536463600,2.725463623046875,-0.25416234135627747,0.055872127413749695,0.0865645483136177
1782952288546390800,2.735390869140625,-0.2366858869791031,-0.05777440592646599,0.06664363294839859
1782952288556318700,2.745318603515625,-0.2362198382616043,-0.16640421748161316,0.03834408521652222
1782952288566246000,2.755245849609375,-0.2529992163181305,-0.2526985704898834,0.0004665793967433274
1782952288576172800,2.7651728515625,-0.2923697829246521,-0.3161954879760742,-0.03661421313881874
1782952288586100000,2.775099853515625,-0.34419959783554077,-0.3326764404773712,-0.0671817734837532
1782952288596028000,2.78502783203125,-0.39432188868522644,-0.30255183577537537,-0.08692538738250732
1782952288605954600,2.79495458984375,-0.43185755610466003,-0.23501485586166382,-0.1097518727183342
1782952288615881700,2.8048818359375,-0.45133164525032043,-0.1708877980709076,-0.1238490492105484
1782952288625808600,2.81480859375,-0.456665575504303,-0.13090357184410095,-0.1425190269947052
1782952288635736600,2.824736572265625,-0.4535914957523346,-0.10765577107667923,-0.15663272142410278
1782952288645663700,2.834663818359375,-0.44245585799217224,-0.11388976126909256,-0.16693100333213806
1782952288655590700,2.844590576171875,-0.42523452639579773,-0.13313083350658417,-0.162564218044281
1782952288665518800,2.854518798828125,-0.3980376720428467,-0.1507442444562912,-0.15280702710151672
1782952288675445800,2.86444580078125,-0.37563034892082214,-0.16465260088443756,-0.1438462883234024
1782952288685373000,2.874373046875,-0.3542536795139313,-0.1690051257610321,-0.1266990303993225
1782952288695299600,2.884299560546875,-0.32474663853645325,-0.14791901409626007,-0.1046706959605217
1782952288705227800,2.894227783203125,-0.30403366684913635,-0.11076381057500839,-0.08981262147426605
1782952288715154700,2.90415478515625,-0.2832793891429901,-0.06892768293619156,-0.08770766109228134
1782952288725081600,2.91408154296875,-0.2850039303302765,-0.014580219984054565,-0.09459395706653595
1782952288735008800,2.9240087890625,-0.3028721511363983,0.00425498653203249,-0.11006373167037964
1782952288744936700,2.933936767578125,-0.3143746256828308,0.038087498396635056,-0.10792458057403564
1782952288754863600,2.943863525390625,-0.29248398542404175,0.04227185621857643,-0.11972584575414658
1782952288764790800,2.953790771484375,-0.30533847212791443,0.018949134275317192,-0.12780867516994476
1782952288774717700,2.9637177734375,-0.31361502408981323,-0.003465893678367138,-0.13755477964878082
1782952288784645600,2.973645751953125,-0.307804673910141,-0.02279598079621792,-0.15500469505786896
1782952288794572500,2.983572509765625,-0.3028288185596466,-0.033312007784843445,-0.1705988347530365
1782952288804499700,2.993499755859375,-0.2979719638824463,-0.050872329622507095,-0.17784073948860168
1782952288814427600,3.003427734375,-0.2942848205566406,-0.06477376818656921,-0.17506200075149536
1782952288824354600,3.0133544921875,-0.28111663460731506,-0.06858479231595993,-0.16090510785579681
1782952288834281700,3.02328173828125,-0.27468937635421753,-0.07170921564102173,-0.14640764892101288
1782952288844208600,3.033208740234375,-0.26047974824905396,-0.07388513535261154,-0.12519414722919464
1782952288854136800,3.04313671875,-0.25044310092926025,-0.06879210472106934,-0.085177481174469
1782952288864063700,3.053063720703125,-0.23825222253799438,-0.04183585196733475,-0.03174328804016113
1782952288873990700,3.06299072265625,-0.2164440006017685,-0.014053160324692726,0.006213250104337931
1782952288883917600,3.07291748046875,-0.204484760761261,0.017815183848142624,0.031738411635160446
1782952288893845500,3.082845458984375,-0.19984979927539825,0.04348725825548172,0.04197799786925316
1782952288903772700,3.092772705078125,-0.19052985310554504,0.07440599799156189,0.03492525964975357
1782952288913699600,3.102699462890625,-0.1801336705684662,0.08198215812444687,0.01519390195608139
1782952288923627500,3.11262744140625,-0.15979035198688507,0.0758170560002327,-0.00812684465199709
1782952288933554700,3.1225546875,-0.13693004846572876,0.05028746277093887,-0.01959974132478237
1782952288943481600,3.132481689453125,-0.09250905364751816,0.041120462119579315,-0.021793987601995468
1782952288953408800,3.14240869140625,-0.05357789620757103,0.034187186509370804,-0.032001886516809464
1782952288963336700,3.152336669921875,-0.031022164970636368,0.0036985669285058975,-0.0710739865899086
1782952288973263600,3.162263671875,-0.021016135811805725,-0.05013803392648697,-0.1259356439113617
1782952288983190800,3.172190673828125,-0.009381496347486973,-0.11968391388654709,-0.16901825368404388
1782952288993117700,3.18211767578125,-0.006496227812021971,-0.17532241344451904,-0.18869075179100037
1782952289003045600,3.192045654296875,0.009807644411921501,-0.203159362077713,-0.16793541610240936
1782952289012972500,3.20197265625,0.030996818095445633,-0.1714959740638733,-0.09250244498252869
1782952289022899700,3.211899658203125,0.056463077664375305,-0.08179257065057755,0.024951444938778877
1782952289032826600,3.22182666015625,0.08578554540872574,0.04708046093583107,0.15290726721286774
1782952289042754600,3.231754638671875,0.1069401428103447,0.18327388167381287,0.24411346018314362
1782952289052681700,3.241681640625,0.11636213958263397,0.2827474772930145,0.27316907048225403
1782952289062608600,3.251608642578125,0.11952605843544006,0.3132340610027313,0.2460738718509674
1782952289072536800,3.261536865234375,0.12089066207408905,0.2547835409641266,0.18587924540042877
1782952289082463700,3.271463623046875,0.12487058341503143,0.14764326810836792,0.12085703760385513
1782952289092390700,3.281390625,0.13352292776107788,0.03847097232937813,0.07257658988237381
1782952289102317600,3.291317626953125,0.15196406841278076,-0.01459247712045908,0.05123848840594292
1782952289112245500,3.30124560546875,0.18262024223804474,-0.0023073155898600817,0.054232679307460785
1782952289122172700,3.311172607421875,0.21948404610157013,0.06261206418275833,0.06847355514764786
1782952289132099600,3.321099609375,0.24757720530033112,0.1435426026582718,0.0850842222571373
1782952289142026800,3.33102685546875,0.2774844169616699,0.20768718421459198,0.09337524324655533
1782952289151954700,3.34095458984375,0.30830731987953186,0.24631845951080322,0.10092770308256149
1782952289161881600,3.350881591796875,0.3429536521434784,0.26154640316963196,0.11156833171844482
1782952289171808800,3.360808837890625,0.39063942432403564,0.24000994861125946,0.11608558893203735
1782952289181736700,3.37073681640625,0.440651535987854,0.21173600852489471,0.1295468658208847
1782952289191663600,3.38066357421875,0.4729064106941223,0.18180687725543976,0.13406066596508026
1782952289201590800,3.3905908203125,0.5031063556671143,0.13999097049236298,0.13883699476718903
1782952289211517700,3.400517578125,0.5487737059593201,0.11552023142576218,0.15739470720291138
1782952289221445600,3.410445556640625,0.5864019393920898,0.10417377948760986,0.18011882901191711
1782952289231372500,3.42037255859375,0.6119213700294495,0.10415539890527725,0.2081241011619568
1782952289241299700,3.4302998046875,0.6269382834434509,0.10147339105606079,0.22437134385108948
1782952289251226600,3.4402265625,0.6399805545806885,0.09622696787118912,0.2370045781135559
1782952289261154600,3.450154541015625,0.638651967048645,0.0862683653831482,0.23488540947437286
1782952289271081700,3.460081787109375,0.6365099549293518,0.06335612386465073,0.21385815739631653
1782952289281008600,3.470008544921875,0.6286925077438354,0.03039376251399517,0.17715463042259216
1782952289290935800,3.479935791015625,0.6109539866447449,-0.021198859438300133,0.13476057350635529
1782952289300863700,3.48986376953125,0.5816242098808289,-0.08474807441234589,0.09971553832292557
1782952289310790700,3.499790771484375,0.552104651927948,-0.15048128366470337,0.08174239099025726
1782952289320717600,3.509717529296875,0.5206501483917236,-0.208857461810112,0.07715742290019989
1782952289330645500,3.5196455078125,0.49139106273651123,-0.25111836194992065,0.07618830353021622
1782952289340572700,3.52957275390625,0.47437718510627747,-0.27108314633369446,0.08299847692251205
1782952289350499600,3.53949951171875,0.4871465265750885,-0.25086256861686707,0.10109465569257736
1782952289360426800,3.5494267578125,0.5168299674987793,-0.18835346400737762,0.12560522556304932
1782952289370354700,3.559354736328125,0.5399467349052429,-0.11243738234043121,0.15673278272151947
1782952289380281600,3.569281494140625,0.5460176467895508,-0.042513202875852585,0.1789618581533432
1782952289390208800,3.579208740234375,0.5284066796302795,-0.001982820453122258,0.18585731089115143
1782952289400135700,3.5891357421875,0.4933611750602722,0.02326374500989914,0.19764748215675354
1782952289410063600,3.599063720703125,0.44623440504074097,0.013878765515983105,0.17518238723278046
1782952289419990800,3.60899072265625,0.4066936671733856,-0.010626176372170448,0.13915416598320007
1782952289429917700,3.618917724609375,0.36926212906837463,-0.04721055179834366,0.11008282005786896
1782952289439844600,3.6288447265625,0.3300834596157074,-0.09291989356279373,0.07849586755037308
1782952289449772500,3.6387724609375,0.2869362533092499,-0.12575480341911316,0.05575539544224739
1782952289459699700,3.64869970703125,0.24803659319877625,-0.1382783055305481,0.036112889647483826
1782952289469626600,3.658626708984375,0.21633724868297577,-0.12961557507514954,0.01790618896484375
1782952289479554600,3.668554443359375,0.2036362737417221,-0.11618395894765854,0.021135076880455017
1782952289489481700,3.678481689453125,0.2251594066619873,-0.08373946696519852,0.056270428001880646
1782952289499408600,3.68840869140625,0.25676754117012024,-0.0346636027097702,0.12254215031862259
1782952289509335800,3.698335693359375,0.27895087003707886,0.024967504665255547,0.19902841746807098
1782952289519263700,3.708263671875,0.26457205414772034,0.046729594469070435,0.2424319088459015
1782952289529190700,3.718190673828125,0.21441516280174255,0.029870448634028435,0.2356102168560028
1782952289539117600,3.72811767578125,0.14466160535812378,-0.021353743970394135,0.169818714261055
1782952289549044700,3.738044677734375,0.06189960986375809,-0.08561262488365173,0.05770044028759003
1782952289558972700,3.74797265625,-0.016814248636364937,-0.13787683844566345,-0.06641381233930588
1782952289568899600,3.757899658203125,-0.0952286347746849,-0.15797969698905945,-0.16366685926914215
1782952289578826800,3.76782666015625,-0.16102100908756256,-0.1349572241306305,-0.20428302884101868
1782952289588753700,3.777753662109375,-0.204812690615654,-0.05646668002009392,-0.15890516340732574
1782952289598681600,3.787681640625,-0.22097869217395782,0.08617936819791794,-0.054819848388433456
1782952289608608800,3.79760888671875,-0.21605610847473145,0.24399323761463165,0.06498298794031143
1782952289618535700,3.80753564453125,-0.193929985165596,0.3583165109157562,0.14274285733699799
1782952289628463900,3.8174638671875,-0.17794249951839447,0.39169126749038696,0.15824618935585022
1782952289638390800,3.827390869140625,-0.16961108148097992,0.36550211906433105,0.13014577329158783
1782952289648317700,3.837317626953125,-0.1694829761981964,0.26087290048599243,0.07321671396493912
1782952289658244600,3.84724462890625,-0.16606414318084717,0.11540073156356812,0.009642365388572216
1782952289668172500,3.857172607421875,-0.17343151569366455,-0.05126069113612175,-0.04765501245856285
1782952289678099700,3.867099609375,-0.18653786182403564,-0.2234644740819931,-0.09354590624570847
1782952289688026600,3.877026611328125,-0.20664046704769135,-0.33479979634284973,-0.13684332370758057
1782952289697953800,3.886953857421875,-0.23544402420520782,-0.36053532361984253,-0.14622478187084198
1782952289707881700,3.8968818359375,-0.2631358206272125,-0.3153747618198395,-0.13597054779529572
1782952289717808600,3.90680859375,-0.2782595157623291,-0.23368369042873383,-0.10459289699792862
1782952289727735300,3.9167353515625,-0.3050343990325928,-0.14137667417526245,-0.06786071509122849
1782952289737663200,3.926663330078125,-0.33321571350097656,-0.07745853811502457,-0.04813368245959282
1782952289747590400,3.93659033203125,-0.37194791436195374,-0.04384278506040573,-0.04677120968699455
1782952289757517300,3.946517333984375,-0.41094762086868286,-0.03766070678830147,-0.06316136568784714
1782952289767444200,3.9564443359375,-0.45689913630485535,-0.0456661693751812,-0.08865047991275787
1782952289777372400,3.966372314453125,-0.49523088335990906,-0.06276609748601913,-0.10607454925775528
1782952289787299000,3.976299072265625,-0.524324893951416,-0.07357959449291229,-0.11295642703771591
1782952289797226200,3.986226318359375,-0.5483218431472778,-0.0806022435426712,-0.10233942419290543
1782952289807153200,3.996153076171875,-0.5578733086585999,-0.08037853240966797,-0.09605463594198227
1782952289817081000,4.0060810546875,-0.5496381521224976,-0.08068622648715973,-0.10004444420337677
1782952289827008300,4.01600830078125,-0.5326618552207947,-0.07494897395372391,-0.12284296751022339
1782952289836935200,4.02593505859375,-0.5181978940963745,-0.06969720125198364,-0.14743857085704803
1782952289846862300,4.0358623046875,-0.5096883177757263,-0.07511832565069199,-0.1743772327899933
1782952289856790300,4.045790283203125,-0.48995986580848694,-0.09655437618494034,-0.18866322934627533
1782952289866717400,4.055717529296875,-0.4667094051837921,-0.12054014205932617,-0.19854170083999634
1782952289876644000,4.06564404296875,-0.44289955496788025,-0.1466069519519806,-0.20043955743312836
1782952289886571300,4.0755712890625,-0.4343358874320984,-0.1632929891347885,-0.2082575410604477
1782952289896499200,4.085499267578125,-0.43098634481430054,-0.18095557391643524,-0.22128619253635406
1782952289906426000,4.095426025390625,-0.42492684721946716,-0.17987751960754395,-0.23358972370624542
1782952289916353300,4.105353271484375,-0.41191017627716064,-0.17723529040813446,-0.2558388113975525
1782952289926281200,4.11528125,-0.3788110911846161,-0.1675989180803299,-0.28247973322868347
1782952289936208100,4.1252080078125,-0.32369500398635864,-0.1618344485759735,-0.2962665855884552
1782952289946135300,4.13513525390625,-0.25071561336517334,-0.15266305208206177,-0.28784888982772827
1782952289956062200,4.145062255859375,-0.18609559535980225,-0.1487470120191574,-0.255844384431839
1782952289965990400,4.154990478515625,-0.14693540334701538,-0.15140777826309204,-0.2133834958076477
1782952289975917300,4.164917236328125,-0.12563185393810272,-0.14795039594173431,-0.1708672195672989
1782952289985844200,4.17484423828125,-0.13228042423725128,-0.12846429646015167,-0.14826124906539917
1782952289995771100,4.184771240234375,-0.1546669602394104,-0.09101107716560364,-0.15658581256866455
1782952290005699000,4.194698974609375,-0.1872914880514145,-0.038928430527448654,-0.17552728950977325
1782952290015626200,4.204626220703125,-0.22473716735839844,0.0027655959129333496,-0.1986011415719986
1782952290025553200,4.21455322265625,-0.24350154399871826,0.04477456584572792,-0.19194191694259644
1782952290035481000,4.224481201171875,-0.24936476349830627,0.08994709700345993,-0.17168590426445007
1782952290045408300,4.234408203125,-0.23761169612407684,0.10970722138881683,-0.1560949683189392
1782952290055335200,4.244335205078125,-0.2038254588842392,0.11491332948207855,-0.1345514953136444
1782952290065262300,4.254262451171875,-0.14913052320480347,0.11208584904670715,-0.11357670277357101
1782952290075190300,4.264190185546875,-0.09178808331489563,0.10220421105623245,-0.09002833813428879
1782952290085117400,4.274117431640625,-0.04666375368833542,0.09794341772794724,-0.06394373625516891
1782952290095044000,4.284044189453125,-0.019318148493766785,0.1064106747508049,-0.040650393813848495
1782952290104971300,4.29397119140625,-0.009520644322037697,0.1255502849817276,-0.04084160923957825
1782952290114899200,4.303899169921875,-0.01577303744852543,0.13483361899852753,-0.07423871755599976
1782952290124826000,4.313826171875,-0.021394969895482063,0.1315387487411499,-0.12647129595279694
1782952290134753300,4.323753173828125,-0.017145898193120956,0.11899592727422714,-0.18568062782287598
1782952290144680200,4.33368017578125,0.0023377884645015,0.09455583244562149,-0.23033732175827026
1782952290154608000,4.343608154296875,0.038419581949710846,0.056451037526130676,-0.24739395081996918
1782952290164535300,4.353535400390625,0.08516231924295425,0.03541765734553337,-0.21376408636569977
1782952290174462200,4.363462158203125,0.12249189615249634,0.039515357464551926,-0.13845472037792206
1782952290184389400,4.373389404296875,0.16596080362796783,0.08954629302024841,-0.03173120692372322
1782952290194317300,4.3833173828125,0.21418581902980804,0.17303863167762756,0.09345404803752899
1782952290204244200,4.393244140625,0.2602590322494507,0.2744661867618561,0.2108941227197647
1782952290214171100,4.403171142578125,0.3011016249656677,0.3489086627960205,0.27919819951057434
1782952290224099000,4.41309912109375,0.32847175002098083,0.37105071544647217,0.27794572710990906
1782952290234026200,4.423026123046875,0.3423559367656708,0.3171539604663849,0.23139986395835876
1782952290243953200,4.432953125,0.3370210826396942,0.20471236109733582,0.16628344357013702
1782952290253880300,4.44288037109375,0.31793537735939026,0.08986105769872665,0.10741812735795975
1782952290263808300,4.452808349609375,0.29571449756622314,0.01377507857978344,0.08249706029891968
1782952290273735200,4.462735107421875,0.2782127857208252,0.00506656663492322,0.07804402709007263
1782952290283662300,4.472662353515625,0.2579543888568878,0.05356006696820259,0.08082037419080734
1782952290293589200,4.48258935546875,0.2427590936422348,0.12796194851398468,0.07958066463470459
1782952290303517400,4.492517333984375,0.232418030500412,0.19663849472999573,0.0736604630947113
1782952290313444000,4.502444091796875,0.22231906652450562,0.25251758098602295,0.054219719022512436
1782952290323371300,4.512371337890625,0.21193140745162964,0.29815351963043213,0.02885630540549755
1782952290333298200,4.522298095703125,0.2035316675901413,0.3080669343471527,0.02452876977622509
1782952290343226000,4.53222607421875,0.19195331633090973,0.3040114641189575,0.04691609740257263
1782952290353153300,4.5421533203125,0.18760880827903748,0.2771281599998474,0.08352278172969818
1782952290363080200,4.552080078125,0.18250352144241333,0.23421184718608856,0.11050114035606384
1782952290373008100,4.562008056640625,0.18943244218826294,0.16763357818126678,0.12759031355381012
1782952290382935300,4.571935302734375,0.21833465993404388,0.10000313073396683,0.14579515159130096
1782952290392862200,4.5818623046875,0.2615058422088623,0.04271320998668671,0.15353016555309296
1782952290402789400,4.591789306640625,0.3045414686203003,-0.005671631079167128,0.15139031410217285
1782952290412717300,4.60171728515625,0.3350478708744049,-0.04356486350297928,0.13800805807113647
1782952290422644200,4.611644287109375,0.34616684913635254,-0.09987367689609528,0.1291770190000534
1782952290432571100,4.621571044921875,0.3352067172527313,-0.13951876759529114,0.09083452075719833
1782952290442498300,4.631498291015625,0.32363903522491455,-0.15174639225006104,0.05103571340441704
1782952290452426200,4.64142626953125,0.29957568645477295,-0.1580989956855774,0.026620786637067795
1782952290462353200,4.651353271484375,0.2669256031513214,-0.16948960721492767,0.0079411081969738
1782952290472280300,4.6612802734375,0.23558391630649567,-0.15899503231048584,0.0052539086900651455
1782952290482207200,4.671207275390625,0.19476990401744843,-0.10440262407064438,0.015135034918785095
1782952290492135200,4.68113525390625,0.13731229305267334,-0.052769482135772705,0.008397304452955723
1782952290502062300,4.691062255859375,0.08206741511821747,0.03091023489832878,0.0003737326478585601
1782952290511989200,4.7009892578125,0.032334212213754654,0.09525340795516968,-0.01567760482430458
1782952290521917400,4.71091748046875,0.007021668367087841,0.1307956874370575,-0.023593053221702576
1782952290531844000,4.720843994140625,0.03480980172753334,0.1640504002571106,0.001177009311504662
1782952290541771300,4.730771240234375,0.0808798223733902,0.1901315301656723,0.045261114835739136
1782952290551698200,4.7406982421875,0.14679363369941711,0.18534067273139954,0.09664690494537354
1782952290561626000,4.750626220703125,0.19507993757724762,0.15457317233085632,0.15088725090026855
1782952290571553300,4.76055322265625,0.23216916620731354,0.11108289659023285,0.19920185208320618
1782952290581480200,4.770480224609375,0.2505444586277008,0.06351138651371002,0.22577327489852905
1782952290591407400,4.780407470703125,0.2566789984703064,0.002196212764829397,0.22366954386234283
1782952290601335300,4.790335205078125,0.24553658068180084,-0.06601373106241226,0.1965194195508957
1782952290611262200,4.80026220703125,0.22933200001716614,-0.13032163679599762,0.1475232094526291
1782952290621189400,4.810189453125,0.20166894793510437,-0.18822675943374634,0.0985649824142456
1782952290631116000,4.820115966796875,0.1779595911502838,-0.23564796149730682,0.037790216505527496
1782952290641044200,4.830044189453125,0.15498876571655273,-0.283403217792511,-0.032742273062467575
1782952290650971100,4.83997119140625,0.12821711599826813,-0.33396291732788086,-0.09150628745555878
1782952290660898300,4.849898193359375,0.09368150681257248,-0.3563593029975891,-0.1079971119761467
1782952290670825200,4.8598251953125,0.03723074495792389,-0.3256370723247528,-0.08611884713172913
1782952290680753200,4.869753173828125,-0.029758406803011894,-0.2303593009710312,-0.04059157893061638
1782952290690680300,4.879680419921875,-0.1005052849650383,-0.07523787766695023,0.015211636200547218
1782952290700607200,4.889607177734375,-0.16260646283626556,0.1009581908583641,0.05313611775636673
1782952290710535200,4.89953515625,-0.19746866822242737,0.2467500865459442,0.08516954630613327
1782952290720462300,4.90946240234375,-0.21170219779014587,0.3308316767215729,0.09633192420005798
1782952290730389200,4.91938916015625,-0.2127067744731903,0.33410295844078064,0.08866643905639648
1782952290740316400,4.92931640625,-0.19210189580917358,0.26228973269462585,0.0646125003695488
1782952290750244400,4.939244384765625,-0.15419909358024597,0.11631012707948685,0.036135394126176834
1782952290760171300,4.949171142578125,-0.1108766496181488,-0.044166628271341324,0.020904505625367165
1782952290770098200,4.95909814453125,-0.08388324826955795,-0.19485513865947723,0.006513684056699276
1782952290780025300,4.969025390625,-0.0811292752623558,-0.2946810722351074,-0.013866156339645386
1782952290789953300,4.978953369140625,-0.1090334802865982,-0.3365094065666199,-0.05189027264714241
1782952290799880200,4.988880126953125,-0.16959482431411743,-0.31349700689315796,-0.07974293828010559
1782952290809807400,4.998807373046875,-0.22906218469142914,-0.259163498878479,-0.10404019057750702
1782952290819734300,5.008734375,-0.28486713767051697,-0.18796469271183014,-0.1095537319779396
1782952290829662200,5.018662109375,-0.33770760893821716,-0.11096508055925369,-0.11876893788576126
1782952290839589400,5.02858935546875,-0.39040011167526245,-0.04730673506855965,-0.11976949125528336
1782952290849516300,5.038516357421875,-0.4306708872318268,-0.01950322464108467,-0.11520346254110336
1782952290859443200,5.048443115234375,-0.4587760269641876,-0.012206695973873138,-0.09576984494924545
1782952290869371100,5.05837109375,-0.46473032236099243,-0.030791033059358597,-0.05293050408363342
1782952290879298300,5.06829833984375,-0.4524659514427185,-0.05226942524313927,-0.0017022017855197191
1782952290889225200,5.07822509765625,-0.4352428913116455,-0.06814207136631012,0.028322512283921242
1782952290899153200,5.088153076171875,-0.42216888070106506,-0.08708593249320984,0.03233163803815842
1782952290909080300,5.098080322265625,-0.4099741280078888,-0.1046716496348381,0.021562373265624046
1782952290919007200,5.10800732421875,-0.4043886959552765,-0.11476156860589981,0.003462466411292553
1782952290928934400,5.117934326171875,-0.4060332775115967,-0.12519881129264832,-0.024958722293376923
1782952290938862300,5.1278623046875,-0.4156190752983093,-0.12322566658258438,-0.05549293011426926
1782952290948789200,5.137789306640625,-0.42970430850982666,-0.12750005722045898,-0.09030605852603912
1782952290958716400,5.14771630859375,-0.44646331667900085,-0.11548654735088348,-0.1243942528963089
1782952290968643000,5.15764306640625,-0.4582325220108032,-0.10049396753311157,-0.15648822486400604
1782952290978571300,5.1675712890625,-0.47685548663139343,-0.08220977336168289,-0.1830841451883316
1782952290988498200,5.177498291015625,-0.4899333715438843,-0.07615170627832413,-0.20118844509124756
1782952290998425300,5.18742529296875,-0.4959305226802826,-0.06795769184827805,-0.1985796093940735
1782952291008352300,5.197352294921875,-0.48479631543159485,-0.056581951677799225,-0.18220216035842896
1782952291018280200,5.2072802734375,-0.4689270853996277,-0.03874729573726654,-0.1724800318479538
1782952291028207400,5.217207275390625,-0.44005289673805237,-0.016990242525935173,-0.1635507196187973
1782952291038134300,5.22713427734375,-0.41377389430999756,0.010450170375406742,-0.17161130905151367
1782952291048062200,5.237062255859375,-0.38857612013816833,0.03404498100280762,-0.1886504888534546
1782952291057989400,5.2469892578125,-0.36892253160476685,0.0458047017455101,-0.21232891082763672
1782952291067916300,5.256916259765625,-0.36003831028938293,0.02864404395222664,-0.23101039230823517
1782952291077843200,5.26684326171875,-0.35159021615982056,0.007901214063167572,-0.23751915991306305
1782952291087771100,5.276771240234375,-0.3517436683177948,-0.02339973859488964,-0.23635125160217285
1782952291097698300,5.2866982421875,-0.3512621521949768,-0.05986533686518669,-0.24046318233013153
1782952291107625200,5.296625244140625,-0.34249669313430786,-0.08624250441789627,-0.24216903746128082
1782952291117552400,5.306552490234375,-0.335267037153244,-0.07857073843479156,-0.2398449033498764
1782952291127479300,5.316479248046875,-0.3235885202884674,-0.04118794575333595,-0.23282639682292938
1782952291137406500,5.326406494140625,-0.3065869212150574,0.006074106320738792,-0.21536672115325928
1782952291147333400,5.33633349609375,-0.29054516553878784,0.05674043297767639,-0.20313236117362976
1782952291157261300,5.34626123046875,-0.27824482321739197,0.09635309129953384,-0.19175027310848236
1782952291167188200,5.356188232421875,-0.2603205740451813,0.13219770789146423,-0.17272868752479553
1782952291177115100,5.366115234375,-0.23448362946510315,0.14809730648994446,-0.13898642361164093
1782952291187042300,5.376042236328125,-0.19616203010082245,0.15664902329444885,-0.10577690601348877
1782952291196970200,5.38597021484375,-0.15183530747890472,0.14774580299854279,-0.08226438611745834
1782952291206897200,5.395897216796875,-0.09715458005666733,0.11937855929136276,-0.059254080057144165
1782952291216824300,5.40582421875,-0.03261606767773628,0.09134293347597122,-0.028250621631741524
1782952291226751200,5.415751220703125,0.03218769654631615,0.0681832805275917,-0.004366723354905844
1782952291236679400,5.425679443359375,0.0840572863817215,0.062100622802972794,0.0030650938861072063
1782952291246606300,5.4356064453125,0.1206088587641716,0.07226495444774628,-0.017981035634875298
1782952291256533500,5.445533447265625,0.13834844529628754,0.08020170778036118,-0.06304731220006943
1782952291266460200,5.455460205078125,0.14200417697429657,0.07797397673130035,-0.11920393258333206
1782952291276388000,5.46538818359375,0.13995273411273956,0.06705021858215332,-0.17069615423679352
1782952291286315300,5.475315185546875,0.15117786824703217,0.05532880499958992,-0.2153896540403366
1782952291296242200,5.4852421875,0.17963720858097076,0.03293241932988167,-0.23709015548229218
1782952291306169300,5.49516943359375,0.2200619876384735,0.004958643112331629,-0.2227446585893631
1782952291316097300,5.50509716796875,0.26353704929351807,-0.024383798241615295,-0.14596332609653473
1782952291326024200,5.515024169921875,0.30418217182159424,-0.013345018029212952,-0.022298285737633705
1782952291335951400,5.524951416015625,0.33241352438926697,0.05309685692191124,0.11972356587648392
1782952291345879300,5.53487939453125,0.35952046513557434,0.15794508159160614,0.23362672328948975
1782952291355806500,5.544806396484375,0.3866173326969147,0.2590211033821106,0.2845700681209564
1782952291365733400,5.5547333984375,0.39624735713005066,0.3073384463787079,0.28099381923675537
1782952291375660300,5.564660400390625,0.40181204676628113,0.30083686113357544,0.24706514179706573
1782952291385588200,5.574588134765625,0.38982120156288147,0.23641569912433624,0.20073609054088593
1782952291395515100,5.58451513671875,0.3693990111351013,0.14167694747447968,0.15262076258659363
1782952291405442300,5.5944423828125,0.3516780734062195,0.05836554244160652,0.11169835925102234
1782952291415369200,5.604369140625,0.3489390015602112,0.021979039534926414,0.0919257253408432
1782952291425297200,5.614297119140625,0.35351938009262085,0.014775587245821953,0.07826070487499237
1782952291435224300,5.624224365234375,0.3758252263069153,0.026351017877459526,0.0922529548406601
1782952291445151200,5.634151123046875,0.42029711604118347,0.06206802278757095,0.1354043185710907
1782952291455078400,5.644078369140625,0.4804012179374695,0.11028002947568893,0.19281941652297974
1782952291465006300,5.65400634765625,0.537523627281189,0.15810440480709076,0.2449263483285904
1782952291474933500,5.66393359375,0.5908936858177185,0.1816193163394928,0.28112271428108215
1782952291484860200,5.673860107421875,0.6181595325469971,0.1943632960319519,0.29356610774993896
1782952291494787300,5.683787353515625,0.6231532096862793,0.20522713661193848,0.2950343191623688
1782952291504715300,5.69371533203125,0.6132468581199646,0.18880464136600494,0.3007810115814209
1782952291514642200,5.70364208984375,0.5960857272148132,0.1604558378458023,0.30189448595046997
1782952291524569300,5.7135693359375,0.5794271230697632,0.13029514253139496,0.29774096608161926
1782952291534497300,5.723497314453125,0.5684785842895508,0.09362421929836273,0.2722209692001343
1782952291544425200,5.73342529296875,0.5664721727371216,0.060802754014730453,0.23459096252918243
1782952291554352400,5.743352294921875,0.5598790049552917,0.00786230992525816,0.18947169184684753
1782952291564279300,5.753279296875,0.5494928359985352,-0.061072882264852524,0.133877694606781
1782952291574206500,5.76320654296875,0.5365660786628723,-0.1109088882803917,0.08964604884386063
1782952291584134400,5.773134521484375,0.5229570269584656,-0.1579882651567459,0.09162714332342148
1782952291594061300,5.783061279296875,0.4984716475009918,-0.193902850151062,0.0649728998541832
1782952291603988200,5.79298828125,0.48602908849716187,-0.19376184046268463,0.04137149825692177
1782952291613916400,5.80291650390625,0.471786767244339,-0.1927834004163742,0.02097354829311371
1782952291623843000,5.812843017578125,0.44396406412124634,-0.18555551767349243,0.008003126829862595
1782952291633770200,5.822770263671875,0.4076089859008789,-0.15650175511837006,-0.008441093377768993
1782952291643697200,5.832697265625,0.3620179295539856,-0.10492052137851715,-0.02245934307575226
1782952291653625300,5.842625244140625,0.30835843086242676,-0.04498128592967987,-0.03352584317326546
1782952291663552300,5.85255224609375,0.263380229473114,0.028567854315042496,-0.02632971666753292
1782952291673479400,5.8624794921875,0.22951732575893402,0.09168557077646255,-0.010764339938759804
1782952291683406300,5.87240625,0.21718880534172058,0.12826012074947357,-0.0029697646386921406
1782952291693334300,5.882334228515625,0.2188149243593216,0.13771194219589233,-0.010441528633236885
1782952291703261400,5.892261474609375,0.23383067548274994,0.11598069965839386,-0.022458011284470558
1782952291713188000,5.90218798828125,0.25468242168426514,0.07412832230329514,-0.031047770753502846
1782952291723115800,5.91211572265625,0.2707454264163971,0.02095998078584671,-0.028260940685868263
1782952291733043700,5.922043701171875,0.277587354183197,-0.024966765195131302,-0.02073085308074951
1782952291742970600,5.931970703125,0.28686028718948364,-0.07975047081708908,-0.008618524298071861
1782952291752897800,5.941897705078125,0.2811230421066284,-0.11719318479299545,0.021622467786073685
1782952291762825700,5.95182568359375,0.2821420431137085,-0.1484667807817459,0.0642068162560463
1782952291772752600,5.961752685546875,0.26883769035339355,-0.14753973484039307,0.09142006188631058
1782952291782679800,5.9716796875,0.24015682935714722,-0.14902961254119873,0.10213018953800201
1782952291792606700,5.981606689453125,0.20714987814426422,-0.16354890167713165,0.10520640760660172
1782952291802535000,5.991534912109375,0.16862890124320984,-0.17288073897361755,0.10959246009588242
1782952291812461800,6.0014619140625,0.12420763075351715,-0.17594683170318604,0.11408814787864685
1782952291822388700,6.011388671875,0.07824018597602844,-0.19895318150520325,0.101224385201931
1782952291832315600,6.021315673828125,0.021871721372008324,-0.23120486736297607,0.0712699443101883
1782952291842243600,6.03124365234375,-0.05144186317920685,-0.2786411941051483,0.010194577276706696
1782952291852170800,6.041170654296875,-0.11845684796571732,-0.3180354833602905,-0.07382681965827942
1782952291862097700,6.05109765625,-0.19675026834011078,-0.3299373984336853,-0.15706190466880798
1782952291872024800,6.06102490234375,-0.26866257190704346,-0.2864125669002533,-0.20722413063049316
1782952291881952800,6.070952880859375,-0.33520185947418213,-0.19115778803825378,-0.20564691722393036
1782952291891879700,6.080879638671875,-0.3691939115524292,-0.046263180673122406,-0.14260722696781158
1782952291901806800,6.090806884765625,-0.37386274337768555,0.10007923096418381,-0.053946297615766525
1782952291911733500,6.1007333984375,-0.35768750309944153,0.2017696499824524,0.026033220812678337
1782952291921662000,6.110661865234375,-0.335308313369751,0.21634477376937866,0.06552593410015106
1782952291931588600,6.120588623046875,-0.3008568584918976,0.14123085141181946,0.05972344055771828
1782952291941515800,6.130515869140625,-0.28687724471092224,-0.007772134616971016,0.010146933607757092
1782952291951443700,6.140443603515625,-0.2732895314693451,-0.17005237936973572,-0.05146556347608566
1782952291961370600,6.15037060546875,-0.2717253267765045,-0.3063333332538605,-0.10205373913049698
1782952291971297800,6.1602978515625,-0.3120597004890442,-0.3774852752685547,-0.13593687117099762
1782952291981224700,6.170224609375,-0.3768438398838043,-0.3719901442527771,-0.14865858852863312
1782952291991152600,6.180152587890625,-0.4587176740169525,-0.3037695288658142,-0.14204782247543335
1782952292001079800,6.190079833984375,-0.5264507532119751,-0.1911151111125946,-0.12407431751489639
1782952292011006700,6.2000068359375,-0.5855220556259155,-0.06933940201997757,-0.10546068847179413
1782952292020933600,6.20993359375,-0.633812427520752,0.027337051928043365,-0.10386215895414352
1782952292030861800,6.21986181640625,-0.6649141311645508,0.0721798911690712,-0.11988905817270279
1782952292040788700,6.229788818359375,-0.6789573431015015,0.06045503914356232,-0.1370096206665039
1782952292050715600,6.239715576171875,-0.6761599779129028,-0.011101437732577324,-0.1467336118221283
1782952292060642800,6.249642822265625,-0.6599004864692688,-0.10871905833482742,-0.15976004302501678
1782952292070570800,6.25957080078125,-0.6462592482566833,-0.21561914682388306,-0.16472896933555603
1782952292080497700,6.26949755859375,-0.6372517347335815,-0.29020169377326965,-0.1608905792236328
1782952292090424800,6.2794248046875,-0.6355137825012207,-0.31938353180885315,-0.14822538197040558
1782952292100351700,6.289351806640625,-0.6340000629425049,-0.2977079749107361,-0.14027675986289978
1782952292110279700,6.29927978515625,-0.6304820775985718,-0.24449507892131805,-0.13739043474197388
1782952292120206800,6.309206787109375,-0.6284845471382141,-0.18265452980995178,-0.15257202088832855
1782952292130133500,6.319133544921875,-0.6267534494400024,-0.11823505908250809,-0.18211500346660614
1782952292140062000,6.32906201171875,-0.630102276802063,-0.05417294427752495,-0.20424234867095947
1782952292149988600,6.338988525390625,-0.6286543011665344,0.007584698032587767,-0.21200786530971527
1782952292159915800,6.348915771484375,-0.6242926716804504,0.05211536958813667,-0.21316973865032196
1782952292169842700,6.3588427734375,-0.623130202293396,0.07101955264806747,-0.22099970281124115
1782952292179770600,6.3687705078125,-0.6146366000175476,0.058208148926496506,-0.22550934553146362
1782952292189697800,6.37869775390625,-0.6007927060127258,0.029247336089611053,-0.23136430978775024
1782952292199624700,6.388624755859375,-0.5916326642036438,-0.007829278707504272,-0.24584659934043884
1782952292209552000,6.3985517578125,-0.5794284343719482,-0.05245507135987282,-0.26268255710601807
1782952292219479800,6.408479736328125,-0.5641520619392395,-0.06941037625074387,-0.2752907872200012
1782952292229406700,6.41840673828125,-0.5572827458381653,-0.050030551850795746,-0.2750723958015442
1782952292239333600,6.428333740234375,-0.5581881403923035,-0.011950632557272911,-0.2612125277519226
1782952292249260500,6.438260498046875,-0.5680404901504517,0.04425884410738945,-0.24972525238990784
1782952292259188700,6.448188720703125,-0.5827656388282776,0.09919490665197372,-0.23457929491996765
1782952292269115600,6.45811572265625,-0.5894837379455566,0.14207659661769867,-0.22563906013965607
1782952292279042800,6.468042724609375,-0.579086422920227,0.1567249745130539,-0.2016969472169876
1782952292288970800,6.477970703125,-0.5487508773803711,0.15855351090431213,-0.15861178934574127
1782952292298897700,6.487897705078125,-0.5051005482673645,0.14764203131198883,-0.11984598636627197
1782952292308824800,6.497824951171875,-0.4555116593837738,0.11762793362140656,-0.09397390484809875
1782952292318751700,6.507751708984375,-0.4057842791080475,0.10287684202194214,-0.08544063568115234
1782952292328679700,6.5176796875,-0.3601643443107605,0.09848715364933014,-0.07719309628009796
1782952292338606800,6.52760693359375,-0.32177942991256714,0.10822351276874542,-0.07050572335720062
1782952292348533500,6.537533447265625,-0.2937169075012207,0.1290891170501709,-0.06392744928598404
1782952292358460700,6.547460693359375,-0.2758793234825134,0.14352677762508392,-0.056375592947006226
1782952292368388600,6.557388671875,-0.25582224130630493,0.15351229906082153,-0.04974192753434181
1782952292378315800,6.567315673828125,-0.2285299152135849,0.16028150916099548,-0.04109504818916321
1782952292388242700,6.57724267578125,-0.1943082958459854,0.17611587047576904,-0.023208992555737495
1782952292398169900,6.587169921875,-0.15435044467449188,0.19962535798549652,-0.010609610006213188
1782952292408097800,6.597097900390625,-0.11860016733407974,0.19100843369960785,-0.033938102424144745
1782952292418024700,6.607024658203125,-0.0786600336432457,0.1435488611459732,-0.11066243052482605
1782952292427951900,6.616951904296875,-0.047410234808921814,0.06636033207178116,-0.20305921137332916
1782952292437878800,6.626878662109375,-0.017799125984311104,-0.025874149054288864,-0.2832585573196411
1782952292447806700,6.636806640625,0.022822869941592216,-0.10345283150672913,-0.3368600010871887
1782952292457733600,6.646733642578125,0.06884068995714188,-0.16355344653129578,-0.331050843000412
1782952292467660500,6.65666064453125,0.11602045595645905,-0.13940976560115814,-0.24467386305332184
1782952292477588700,6.666588623046875,0.164701446890831,-0.03426843136548996,-0.10043932497501373
1782952292487515600,6.676515625,0.21494944393634796,0.11378388106822968,0.050408244132995605
1782952292497442800,6.68644287109375,0.2599201798439026,0.25579434633255005,0.15548506379127502
1782952292507369700,6.69636962890625,0.30350521206855774,0.35375818610191345,0.19421914219856262
1782952292517297700,6.706297607421875,0.3432987630367279,0.3569747507572174,0.1750558614730835
1782952292527224800,6.716224853515625,0.3653414845466614,0.2829649746417999,0.10012143105268478
1782952292537151700,6.72615185546875,0.35152095556259155,0.17628085613250732,0.003530544228851795
1782952292547079000,6.736078857421875,0.3114454448223114,0.0643407478928566,-0.07322096079587936
1782952292557006800,6.7460068359375,0.26423072814941406,-0.012212776578962803,-0.10867958515882492
1782952292566933500,6.75593359375,0.22640453279018402,-0.03853119909763336,-0.10333169251680374
1782952292576860700,6.765860595703125,0.22875140607357025,0.00694471737369895,-0.057408470660448074
1782952292586787600,6.77578759765625,0.27320539951324463,0.09898462891578674,0.01644923910498619
1782952292596715800,6.7857158203125,0.3512274920940399,0.19770774245262146,0.08505386859178543
1782952292606642700,6.795642578125,0.4459766447544098,0.27750110626220703,0.13660094141960144
1782952292616569900,6.80556982421875,0.5488225817680359,0.32126909494400024,0.18290476500988007
1782952292626496800,6.815496826171875,0.6251703500747681,0.32032525539398193,0.22639338672161102
1782952292636424700,6.8254248046875,0.6850388646125793,0.2785831093788147,0.26557719707489014
1782952292646352000,6.835351806640625,0.7272547483444214,0.21414098143577576,0.29711541533470154
1782952292656278800,6.84527880859375,0.7540370225906372,0.13847064971923828,0.31598302721977234
1782952292666205700,6.855205810546875,0.7683038115501404,0.07354997098445892,0.3048507571220398
1782952292676133600,6.865133544921875,0.7690635323524475,0.013560628518462181,0.27849605679512024
1782952292686060500,6.875060546875,0.7540422081947327,-0.03134213015437126,0.24562862515449524
1782952292695987700,6.88498779296875,0.7292733192443848,-0.06591247022151947,0.22088663280010223
1782952292705915600,6.89491552734375,0.7021173238754272,-0.08599190413951874,0.20324745774269104
1782952292715842800,6.9048427734375,0.6896163821220398,-0.09416423738002777,0.1886296570301056
1782952292725769700,6.914769775390625,0.6749922037124634,-0.08542560786008835,0.17500199377536774
1782952292735696600,6.924696533203125,0.6586947441101074,-0.05811060592532158,0.14796149730682373
1782952292745624600,6.93462451171875,0.6502032279968262,-0.03777230903506279,0.12242230772972107
1782952292755551500,6.944551513671875,0.6450037956237793,-0.024226095527410507,0.09492936730384827
1782952292765478700,6.954478759765625,0.6614426970481873,-0.0075765447691082954,0.12114526331424713
1782952292775405600,6.964405517578125,0.6711050271987915,-0.02933943085372448,0.1404927521944046
1782952292785333800,6.974333740234375,0.6788913011550903,-0.04666302725672722,0.13388119637966156
1782952292795260700,6.9842607421875,0.6937389969825745,-0.0647975355386734,0.1323218196630478
1782952292805187600,6.9941875,0.7088188529014587,-0.07852452993392944,0.12898381054401398
1782952292815114800,7.00411474609375,0.7151190042495728,-0.08291856944561005,0.14440830051898956
1782952292825042700,7.014042724609375,0.7026918530464172,-0.08421153575181961,0.15748628973960876
1782952292834969900,7.023969970703125,0.6821372509002686,-0.067254438996315,0.16745762526988983
1782952292844896500,7.033896484375,0.6572686433792114,-0.04040151461958885,0.17425401508808136
1782952292854823700,7.04382373046875,0.6387774348258972,-0.007973688654601574,0.18032991886138916
1782952292864751600,7.053751708984375,0.6322181224822998,0.028214408084750175,0.18087080121040344
1782952292874678500,7.063678466796875,0.6251874566078186,0.05741121992468834,0.17222385108470917
1782952292884605700,7.073605712890625,0.6223442554473877,0.07473535090684891,0.15347599983215332
1782952292894533600,7.08353369140625,0.6079880595207214,0.036458734422922134,0.14620254933834076
1782952292904460500,7.09346044921875,0.5915502309799194,-0.0017608236521482468,0.16227898001670837
1782952292914387700,7.1033876953125,0.5705429315567017,-0.03166186064481735,0.19751612842082977
1782952292924314600,7.113314697265625,0.5499865412712097,-0.06948354840278625,0.24213792383670807
1782952292934242800,7.123242919921875,0.5455518364906311,-0.08859041333198547,0.28362423181533813
1782952292944169700,7.133169677734375,0.5435826778411865,-0.10097651183605194,0.30777135491371155
1782952292954096600,7.1430966796875,0.5341131687164307,-0.1073637455701828,0.3080178499221802
1782952292964023600,7.1530234375,0.5033485889434814,-0.11821267008781433,0.27482926845550537
1782952292973951500,7.162951416015625,0.4422585666179657,-0.1462475210428238,0.21599866449832916
1782952292983878700,7.172878662109375,0.3569157123565674,-0.17762328684329987,0.15657661855220795
1782952292993805600,7.1828056640625,0.26087290048599243,-0.20136664807796478,0.09672946482896805
1782952293003732700,7.192732666015625,0.16905003786087036,-0.22967925667762756,0.03476356342434883
1782952293013660700,7.20266064453125,0.09307465702295303,-0.24086953699588776,-0.011997483670711517
1782952293023587600,7.212587646484375,0.03476954251527786,-0.2212550938129425,-0.04469577223062515
1782952293033514800,7.2225146484375,-0.011307226493954659,-0.1727326214313507,-0.06041354686021805
1782952293043441700,7.232441650390625,-0.04415705427527428,-0.08586029708385468,-0.03884220868349075
1782952293053369900,7.242369873046875,-0.0755784884095192,0.017169080674648285,0.011359738186001778
1782952293063296500,7.252296630859375,-0.09737779200077057,0.11325620114803314,0.08375351130962372
1782952293073223700,7.2622236328125,-0.11487898230552673,0.16968007385730743,0.1489165723323822
1782952293083151600,7.272151611328125,-0.1295122504234314,0.17765304446220398,0.18695636093616486
1782952293093078500,7.28207861328125,-0.13757754862308502,0.13135230541229248,0.19264313578605652
1782952293103005700,7.292005615234375,-0.15210455656051636,0.04248901829123497,0.1712382435798645
1782952293112932600,7.3019326171875,-0.16849932074546814,-0.0669134110212326,0.11652488261461258
1782952293122860500,7.311860595703125,-0.19873100519180298,-0.1690208613872528,0.07195688039064407
1782952293132787700,7.32178759765625,-0.23745878040790558,-0.2531156837940216,0.039999473839998245
1782952293142714600,7.331714599609375,-0.3003317415714264,-0.2957068085670471,0.026671152561903
1782952293152641800,7.341641845703125,-0.38340187072753906,-0.2943892180919647,0.017016058787703514
1782952293162569700,7.35156982421875,-0.47496452927589417,-0.2375701516866684,0.00605715112760663
1782952293172496600,7.36149658203125,-0.5545114874839783,-0.15450093150138855,0.0028072998393326998
1782952293182423600,7.371423583984375,-0.6096439957618713,-0.06880839169025421,0.010521678254008293
1782952293192350700,7.381350830078125,-0.6352043747901917,0.011428415775299072,0.030751213431358337
1782952293202278700,7.391278564453125,-0.6367858052253723,0.056930653750896454,0.05610104650259018
1782952293212205600,7.40120556640625,-0.6283872723579407,0.06879301369190216,0.08262896537780762
1782952293222132700,7.4111328125,-0.6189799308776855,0.04804805666208267,0.09488324075937271
1782952293232059600,7.4210595703125,-0.6152997612953186,0.0007828059606254101,0.08798816800117493
1782952293241987600,7.430987548828125,-0.614898145198822,-0.07337424159049988,0.07424546033143997
1782952293251914800,7.440914794921875,-0.6241707801818848,-0.1516295224428177,0.04488614946603775
1782952293261841700,7.450841552734375,-0.6180242300033569,-0.22051431238651276,0.022391756996512413
1782952293271768600,7.4607685546875,-0.6060349941253662,-0.2565445005893707,-0.012393958866596222
1782952293281696500,7.470696533203125,-0.5943056344985962,-0.2820919454097748,-0.06623135507106781
1782952293291623700,7.480623779296875,-0.5908180475234985,-0.30551770329475403,-0.14509817957878113
1782952293301550600,7.490550537109375,-0.6004900932312012,-0.3401222825050354,-0.22618398070335388
1782952293311478500,7.500478515625,-0.5981674194335938,-0.38529834151268005,-0.28422030806541443
1782952293321405700,7.51040576171875,-0.5934464335441589,-0.41952529549598694,-0.30377402901649475
1782952293331332600,7.52033251953125,-0.5790267586708069,-0.4328244924545288,-0.2971205413341522
1782952293341259800,7.530259765625,-0.5470267534255981,-0.421234667301178,-0.2785828113555908
1782952293351187700,7.540187744140625,-0.5002073645591736,-0.3623596429824829,-0.26485008001327515
1782952293361114600,7.550114501953125,-0.4682859182357788,-0.272203654050827,-0.2730123996734619
1782952293371041800,7.560041748046875,-0.4582555890083313,-0.15067093074321747,-0.3130311071872711
1782952293380968400,7.569968505859375,-0.4822123348712921,-0.021367281675338745,-0.3749525249004364
1782952293390896600,7.579896728515625,-0.5191285610198975,0.08146495372056961,-0.4429309666156769
1782952293400823600,7.589823486328125,-0.5523171424865723,0.1386195868253708,-0.4872334599494934
1782952293410750700,7.599750732421875,-0.5754192471504211,0.1370125263929367,-0.492232084274292
1782952293420677600,7.609677734375,-0.5764429569244385,0.11586729437112808,-0.46101105213165283
1782952293430605600,7.61960546875,-0.5662339925765991,0.07976002246141434,-0.4212927520275116
1782952293440532700,7.62953271484375,-0.5543315410614014,0.05035073682665825,-0.39834561944007874
1782952293450459600,7.639459716796875,-0.5358805656433105,0.03298519551753998,-0.40199607610702515
1782952293460386800,7.64938671875,-0.5232100486755371,0.039637241512537,-0.4130575358867645
1782952293470314800,7.659314697265625,-0.5248721241950989,0.05292456969618797,-0.42015814781188965
1782952293480241700,7.66924169921875,-0.5295683145523071,0.06663026660680771,-0.4224069118499756
1782952293490168600,7.67916845703125,-0.5308926701545715,0.0774829089641571,-0.41359463334083557
1782952293500096500,7.689096435546875,-0.5187126994132996,0.06975894421339035,-0.3839097023010254
1782952293510023700,7.699023681640625,-0.4877835214138031,0.06286683678627014,-0.34120142459869385
1782952293519950600,7.70895068359375,-0.44784384965896606,0.04121320694684982,-0.29129165410995483
1782952293529877800,7.718877685546875,-0.4092826843261719,0.02481861226260662,-0.2537112832069397
1782952293539805700,7.7288056640625,-0.3682449758052826,0.018205717206001282,-0.23163846135139465
1782952293549732600,7.738732666015625,-0.326010137796402,0.02889300510287285,-0.2156970053911209
1782952293559659800,7.74865966796875,-0.27844688296318054,0.04089054465293884,-0.21344396471977234
1782952293569586700,7.758586669921875,-0.23697829246520996,0.0485384576022625,-0.22785164415836334
1782952293579514600,7.7685146484375,-0.19425161182880402,0.040029656141996384,-0.24861018359661102
1782952293589441800,7.77844189453125,-0.14516079425811768,0.003061896190047264,-0.2608654797077179
1782952293599368400,7.788368408203125,-0.09455142915248871,-0.06140870600938797,-0.2662959396839142
1782952293609295600,7.798295654296875,-0.05372796580195427,-0.10839572548866272,-0.24240268766880035
1782952293619223600,7.8082236328125,-0.01485779695212841,-0.11271963268518448,-0.18983080983161926
1782952293629150700,7.818150634765625,0.030617408454418182,-0.06936849653720856,-0.09898637235164642
1782952293639077600,7.82807763671875,0.08283214271068573,0.01733231171965599,0.022318482398986816
1782952293649004800,7.8380048828125,0.14220097661018372,0.11228574067354202,0.1427900642156601
1782952293658932700,7.8479326171875,0.20046454668045044,0.17683516442775726,0.2271994948387146
1782952293668859600,7.857859619140625,0.24513116478919983,0.19535844027996063,0.25147193670272827
1782952293678786800,7.867786865234375,0.2711518704891205,0.15886780619621277,0.23101380467414856
1782952293688713500,7.87771337890625,0.28421494364738464,0.08851376920938492,0.1707499772310257
1782952293698641700,7.8876416015625,0.284670352935791,0.015700813382864,0.09951175004243851
1782952293708568600,7.897568603515625,0.28283262252807617,-0.02582447975873947,0.05868980661034584
1782952293718495500,7.90749560546875,0.2844235897064209,-0.007897145114839077,0.051785558462142944
1782952293728423700,7.917423583984375,0.29075586795806885,0.04767308011651039,0.07663404941558838
1782952293738350600,7.9273505859375,0.2981666624546051,0.12769654393196106,0.1254705786705017
1782952293748277800,7.93727783203125,0.3302704393863678,0.19988813996315002,0.17733609676361084
1782952293758204700,7.94720458984375,0.3757689297199249,0.24962347745895386,0.21064984798431396
1782952293768132600,7.957132568359375,0.4389529228210449,0.2643444836139679,0.22906124591827393
1782952293778059800,7.967059814453125,0.5069006085395813,0.25822561979293823,0.2377101182937622
1782952293787986700,7.976986572265625,0.5622303485870361,0.23509961366653442,0.2517089247703552
1782952293797913600,7.98691357421875,0.6061323285102844,0.19789445400238037,0.2665430009365082
1782952293807841800,7.996841796875,0.6409650444984436,0.14553360641002655,0.2897709608078003
1782952293817768400,8.0067685546875,0.6714185476303101,0.09427547454833984,0.3013748824596405
1782952293827695600,8.016695556640625,0.7001116871833801,0.044119227677583694,0.2884887158870697
1782952293837622500,8.02662255859375,0.7215322852134705,-0.0003563622012734413,0.25223085284233093
1782952293847550700,8.03655078125,0.738596498966217,-0.06723419576883316,0.201516792178154
1782952293857477600,8.0464775390625,0.7460964918136597,-0.12567700445652008,0.1548084169626236
1782952293867404800,8.05640478515625,0.7371112108230591,-0.15323340892791748,0.1131969541311264
1782952293877331700,8.066331787109375,0.726953387260437,-0.1552150696516037,0.0685674324631691
1782952293887259600,8.076259765625,0.7097569108009338,-0.14637264609336853,0.03221611678600311
1782952293897186800,8.086186767578125,0.6949228644371033,-0.13572345674037933,0.019816704094409943
1782952293907113500,8.096113525390624,0.6800780296325684,-0.11288317292928696,0.017946837469935417
1782952293917041700,8.106041748046875,0.6615871787071228,-0.08118436485528946,0.017201151698827744
1782952293926968600,8.115968505859374,0.6143035292625427,-0.05605943873524666,0.027973568066954613
1782952293936895500,8.1258955078125,0.5708122849464417,0.014771858230233192,0.05894293636083603
1782952293946822700,8.13582275390625,0.5431692004203796,0.09426508843898773,0.07132583856582642
1782952293956750600,8.14575048828125,0.5134761929512024,0.16909094154834747,0.036759067326784134
1782952293966677800,8.155677734375,0.5081904530525208,0.2169470638036728,0.0405450202524662
1782952293976604700,8.165604736328126,0.4769851267337799,0.24036450684070587,-0.015990693122148514
1782952293986531800,8.17553173828125,0.4564734399318695,0.2569640874862671,-0.08314132690429688
1782952293996459800,8.185459716796874,0.410300612449646,0.2307703197002411,-0.10635077208280563
1782952294006386700,8.19538671875,0.3626645505428314,0.1835726648569107,-0.1016201376914978
1782952294016313600,8.205313720703124,0.34511592984199524,0.12550456821918488,-0.06536678969860077
1782952294026240500,8.215240478515625,0.3621894419193268,0.08247107267379761,-0.01268481183797121
1782952294036168400,8.22516845703125,0.40130993723869324,0.05072220414876938,0.0358467698097229
1782952294046095600,8.235095703125,0.4343568980693817,0.041241370141506195,0.06852779537439346
1782952294056022500,8.2450224609375,0.4536914527416229,0.048695556819438934,0.09370611608028412
1782952294065949700,8.25494970703125,0.44900915026664734,0.055104102939367294,0.11409182101488113
1782952294075877600,8.264877685546875,0.4321734309196472,0.06788088381290436,0.1316111534833908
1782952294085804800,8.2748046875,0.40744665265083313,0.0838300883769989,0.13723784685134888
1782952294095731700,8.284731689453125,0.3815724551677704,0.08789380639791489,0.1358732432126999
1782952294105659600,8.29465966796875,0.33919957280158997,0.09318704158067703,0.1195431649684906
1782952294115586800,8.3045869140625,0.27694258093833923,0.07801155000925064,0.07129893451929092
1782952294125513500,8.314513427734376,0.20477615296840668,0.037788182497024536,0.008528297767043114
1782952294135440600,8.324440673828125,0.15453828871250153,-0.04094764217734337,-0.046577032655477524
1782952294145368600,8.33436865234375,0.14008349180221558,-0.11997159570455551,-0.05741792544722557
1782952294155295500,8.34429541015625,0.12841086089611053,-0.1911749243736267,-0.0216631218791008
1782952294165222700,8.35422265625,0.1130141094326973,-0.21304930746555328,0.03663644194602966
1782952294175149600,8.364149658203125,0.08751700073480606,-0.1623254120349884,0.10368072241544724
1782952294185077800,8.374077880859375,0.059395529329776764,-0.051024243235588074,0.15667888522148132
1782952294195004700,8.384004638671875,0.037371184676885605,0.09020557999610901,0.1902986317873001
1782952294204931800,8.393931884765625,0.030800946056842804,0.22384129464626312,0.21512165665626526
1782952294214858800,8.403858642578125,0.035982124507427216,0.30273690819740295,0.2394578903913498
1782952294224786700,8.41378662109375,0.035258278250694275,0.3066098093986511,0.24096636474132538
1782952294234713600,8.423713623046876,0.035194896161556244,0.23537026345729828,0.214133158326149
1782952294244640500,8.433640625,0.03295930474996567,0.11350327730178833,0.1692826896905899
1782952294254567700,8.443567626953126,0.012856699526309967,-0.03307364881038666,0.12033086270093918
1782952294264495600,8.45349560546875,-0.019607944414019585,-0.1598854809999466,0.07585075497627258
1782952294274422500,8.463422607421874,-0.06475411355495453,-0.2179011106491089,0.04437538608908653
1782952294284349700,8.473349609375,-0.10699660331010818,-0.20048481225967407,0.02541050873696804
1782952294294276600,8.483276611328124,-0.14506009221076965,-0.12580391764640808,0.03283247351646423
1782952294304204800,8.493204833984375,-0.17691625654697418,-0.03234638646245003,0.05522782728075981
1782952294314131700,8.503131591796874,-0.21248117089271545,0.05488412454724312,0.07638078182935715
1782952294324059000,8.513058837890625,-0.2551478445529938,0.11617988348007202,0.09307321161031723
1782952294333986800,8.52298681640625,-0.2940196096897125,0.15111789107322693,0.11267860978841782
1782952294343913500,8.53291357421875,-0.3261791169643402,0.1496736854314804,0.12135215848684311
1782952294353840600,8.542840576171875,-0.34529075026512146,0.116212397813797,0.12193698436021805
1782952294363767600,8.552767578125,-0.3541410565376282,0.07598051428794861,0.13549013435840607
1782952294373695500,8.562695556640625,-0.37185215950012207,0.040932778269052505,0.15384677052497864
1782952294383622700,8.57262255859375,-0.3941604495048523,-0.00587538443505764,0.1604720503091812
1782952294393549600,8.582549560546875,-0.41517919301986694,-0.03994680196046829,0.16663648188114166
1782952294403476700,8.592476806640626,-0.4442673325538635,-0.05664670839905739,0.15926295518875122
1782952294413404700,8.60240478515625,-0.4708816409111023,-0.05995062738656998,0.12715588510036469
1782952294423331800,8.612331787109374,-0.4945026934146881,-0.05145401135087013,0.07362737506628036
1782952294433258800,8.6222587890625,-0.521676778793335,-0.034835085272789,0.0018296207999810576
1782952294443185700,8.632185546875,-0.5531408786773682,-0.022287558764219284,-0.07248062640428543
1782952294453113600,8.642113525390625,-0.5799930095672607,-0.019454488530755043,-0.1277579963207245
1782952294463040500,8.65204052734375,-0.6041044592857361,-0.01868496835231781,-0.1723622977733612
1782952294472967700,8.6619677734375,-0.6203018426895142,-0.03412890434265137,-0.2136884331703186
1782952294482894600,8.67189453125,-0.6342557668685913,-0.0584300272166729,-0.2339087873697281
1782952294492822500,8.681822509765626,-0.6365655660629272,-0.07617813348770142,-0.24381335079669952
1782952294502749700,8.691749755859375,-0.6279641389846802,-0.10493070632219315,-0.24805288016796112
1782952294512676600,8.701676513671876,-0.5990155935287476,-0.1320994794368744,-0.24635592103004456
1782952294522604800,8.711604736328125,-0.5538607239723206,-0.15249109268188477,-0.23637422919273376
1782952294532531700,8.72153173828125,-0.5151761770248413,-0.17546698451042175,-0.21901974081993103
1782952294542459000,8.731458984375,-0.4878195524215698,-0.18808312714099884,-0.21412914991378784
1782952294552385500,8.741385498046874,-0.4666154682636261,-0.20455530285835266,-0.2070177048444748
1782952294562313500,8.7513134765625,-0.4459933042526245,-0.21601970493793488,-0.20389090478420258
1782952294572240600,8.76124072265625,-0.43314459919929504,-0.22089754045009613,-0.2000730037689209
1782952294582167600,8.77116748046875,-0.4230622947216034,-0.2128942757844925,-0.20338314771652222
1782952294592094700,8.7810947265625,-0.4223365783691406,-0.19249846041202545,-0.19431641697883606
1782952294602022700,8.791022705078126,-0.4249940812587738,-0.16743223369121552,-0.1912464201450348
1782952294611949600,8.800949462890625,-0.41733378171920776,-0.12230363488197327,-0.17810586094856262
1782952294621876700,8.810876708984376,-0.4105626046657562,-0.07103361934423447,-0.16687332093715668
1782952294631803600,8.8208037109375,-0.3980417549610138,-0.026379860937595367,-0.1495148241519928
1782952294641731800,8.83073193359375,-0.38103407621383667,0.0036582876928150654,-0.13509367406368256
1782952294651658800,8.84065869140625,-0.3641935884952545,0.04304324463009834,-0.11286640167236328
1782952294661585700,8.850585693359376,-0.3485763669013977,0.06882712244987488,-0.09476802498102188
1782952294671512600,8.8605126953125,-0.3259317874908447,0.08296452462673187,-0.08112864941358566
1782952294681440500,8.8704404296875,-0.2989633083343506,0.09457869827747345,-0.07699495553970337
1782952294691367700,8.88036767578125,-0.2640148997306824,0.11001890897750854,-0.0798535943031311
1782952294701294600,8.890294677734374,-0.22088725864887238,0.10976117104291916,-0.08851436525583267
1782952294711221800,8.9002216796875,-0.1803653985261917,0.09464453905820847,-0.09561488777399063
1782952294721149700,8.910149658203125,-0.1436006724834442,0.07289092987775803,-0.10473956167697906
1782952294731076600,8.92007666015625,-0.10237868130207062,0.05516732856631279,-0.10948824137449265
1782952294741003500,8.93000341796875,-0.057807039469480515,0.034630052745342255,-0.12175523489713669
1782952294750931500,8.939931396484376,-0.01727692224085331,0.00974307768046856,-0.14956742525100708
1782952294760858600,8.949858642578125,0.015285857953131199,-0.0042719170451164246,-0.2017451673746109
1782952294770785500,8.95978564453125,0.03945004940032959,-0.027743685990571976,-0.2530616223812103
1782952294780712700,8.969712646484375,0.07167115062475204,-0.051636211574077606,-0.29545924067497253
1782952294790640600,8.979640625,0.09305712580680847,-0.08701125532388687,-0.29492607712745667
1782952294800567600,8.989567626953125,0.12237498164176941,-0.1102118194103241,-0.23111288249492645
1782952294810494700,8.99949462890625,0.16151759028434753,-0.08721808344125748,-0.10781464725732803
1782952294820421600,9.009421630859375,0.215374156832695,-0.002113048918545246,0.02141483500599861
1782952294830349600,9.019349609375,0.2623547315597534,0.12976615130901337,0.13128061592578888
1782952294840276700,9.02927685546875,0.3087927997112274,0.24768199026584625,0.20011982321739197
1782952294850203400,9.039203369140624,0.34758466482162476,0.29855746030807495,0.22215880453586578
1782952294860130600,9.049130615234375,0.3715614676475525,0.2548654079437256,0.20893599092960358
1782952294870058500,9.05905859375,0.3883250057697296,0.15677079558372498,0.18510550260543823
1782952294879985700,9.068985595703126,0.38891422748565674,0.041692331433296204,0.16102749109268188
1782952294889912600,9.07891259765625,0.386354923248291,-0.047774698585271835,0.13757756352424622
1782952294899839700,9.08883984375,0.38332951068878174,-0.06858612596988678,0.11997822672128677
1782952294909767700,9.098767578125,0.380165159702301,-0.031853146851062775,0.12851205468177795
1782952294919694600,9.108694580078126,0.3588641285896301,0.04367024078965187,0.156783327460289
1782952294929621800,9.118621826171875,0.346503347158432,0.12748444080352783,0.1836724579334259
1782952294939548700,9.128548583984376,0.34695491194725037,0.19662165641784668,0.20667611062526703
1782952294949476600,9.1384765625,0.3679504990577698,0.24160751700401306,0.2297111302614212
1782952294959403500,9.148403564453124,0.4053221046924591,0.2469518482685089,0.2466820925474167
1782952294969330400,9.158330322265625,0.44419601559638977,0.22193942964076996,0.2575283348560333
1782952294979258600,9.168258544921875,0.4808298647403717,0.17359648644924164,0.27060258388519287
1782952294989185500,9.178185546875,0.5060070753097534,0.14068487286567688,0.26884517073631287
1782952294999112700,9.18811279296875,0.5253718495368958,0.11459339410066605,0.24989190697669983
1782952295009039600,9.19803955078125,0.5321418642997742,0.1000213697552681,0.21990898251533508
1782952295018967600,9.207967529296875,0.523951530456543,0.09568626433610916,0.1824437379837036
1782952295028894700,9.217894775390626,0.49294835329055786,0.09726924449205399,0.13327406346797943
1782952295038821600,9.227821533203125,0.43797385692596436,0.10256844758987427,0.064498670399189
1782952295048748800,9.237748779296876,0.36502429842948914,0.08978500217199326,-0.006744353100657463
1782952295058676700,9.2476767578125,0.3042672574520111,0.07228046655654907,-0.05549129471182823
1782952295068603400,9.257603271484374,0.2837473154067993,0.04394443705677986,-0.056838322430849075
1782952295078530600,9.267530517578125,0.2950713336467743,0.012705158442258835,-0.01939181052148342
1782952295088457500,9.27745751953125,0.3312799334526062,-0.023924225941300392,0.04897473007440567
1782952295098385700,9.2873857421875,0.38319870829582214,-0.04834212735295296,0.12674076855182648
1782952295108312600,9.2973125,0.4321878254413605,-0.07116355746984482,0.19711346924304962
1782952295118239700,9.30723974609375,0.45319366455078125,-0.10288972407579422,0.25277817249298096
1782952295128166700,9.317166748046875,0.44960105419158936,-0.1315424144268036,0.26774752140045166
1782952295138093800,9.32709375,0.4444029927253723,-0.12721921503543854,0.2714047133922577
1782952295148020500,9.3370205078125,0.4038446545600891,-0.11919830739498138,0.2408183068037033
1782952295157947600,9.34694775390625,0.34601184725761414,-0.08032887428998947,0.16791875660419464
1782952295167875600,9.35687548828125,0.27865198254585266,-0.037262093275785446,0.09579449146986008
1782952295177802500,9.366802490234376,0.1995316445827484,-0.009681840427219868,0.03422943875193596
1782952295187729700,9.376729736328125,0.11864424496889114,0.022613247856497765,-0.010671990923583508
1782952295197656600,9.386656494140626,0.034650322049856186,0.04853568226099014,-0.06364728510379791
1782952295207584500,9.39658447265625,-0.03466377034783363,0.0674491822719574,-0.10996444523334503
1782952295217511700,9.40651171875,-0.061478737741708755,0.07951816916465759,-0.12902113795280457
1782952295227438600,9.4164384765625,-0.014852647669613361,0.09665081650018692,-0.09189426898956299
1782952295237365800,9.42636572265625,0.057495493441820145,0.09696994721889496,-0.006799480877816677
1782952295247293700,9.436293701171875,0.12519465386867523,0.07814086228609085,0.10714174062013626
1782952295257220600,9.446220703125,0.19854098558425903,0.0602426677942276,0.2022874653339386
1782952295267147500,9.4561474609375,0.24982042610645294,-0.00027952808886766434,0.25761595368385315
1782952295277074700,9.46607470703125,0.2680707573890686,-0.0836733728647232,0.2628280520439148
1782952295287002600,9.476002685546876,0.2467968910932541,-0.1978769153356552,0.21631009876728058
1782952295296929500,9.485929443359375,0.18299345672130585,-0.31108319759368896,0.13636969029903412
1782952295306856700,9.495856689453126,0.07674025744199753,-0.3872336149215698,0.04076647385954857
1782952295316783600,9.50578369140625,-0.04598069563508034,-0.4000324308872223,-0.04948806390166283
1782952295326711600,9.515711669921876,-0.15849898755550385,-0.346299409866333,-0.12223230302333832
1782952295336638700,9.525638671875,-0.24031759798526764,-0.22762054204940796,-0.173650324344635
1782952295346565600,9.535565673828126,-0.2920377850532532,-0.08114375174045563,-0.18202410638332367
1782952295356493800,9.545493896484375,-0.30216100811958313,0.06712505221366882,-0.12084696441888809
1782952295366420500,9.55542041015625,-0.27066195011138916,0.19525693356990814,-0.0075499676167964935
1782952295376347600,9.56534765625,-0.21170485019683838,0.2891388535499573,0.10978713631629944
1782952295386274600,9.575274658203124,-0.16446810960769653,0.3448689579963684,0.16418486833572388
1782952295396202500,9.585202392578125,-0.15074683725833893,0.33742666244506836,0.14864537119865417
1782952295406129700,9.595129638671875,-0.16876712441444397,0.26593226194381714,0.07508965581655502
1782952295416056600,9.605056640625,-0.20140069723129272,0.11990033835172653,-0.014192480593919754
1782952295425983700,9.614983642578125,-0.25057223439216614,-0.03836093470454216,-0.08526265621185303
1782952295435911700,9.62491162109375,-0.29516860842704773,-0.1674908846616745,-0.12381555140018463
1782952295445838600,9.634838623046875,-0.3361048400402069,-0.2211967259645462,-0.1222647875547409
1782952295455765800,9.644765869140626,-0.37450605630874634,-0.1797543615102768,-0.09336519986391068
1782952295465692400,9.6546923828125,-0.4111463725566864,-0.0801050066947937,-0.05035940930247307
1782952295475620600,9.66462060546875,-0.42767786979675293,0.04548105597496033,-0.012735878117382526
1782952295485547500,9.674547607421875,-0.43961626291275024,0.16698351502418518,0.012749774381518364
1782952295495474700,9.684474609375,-0.44623276591300964,0.23325341939926147,0.03474266082048416
1782952295505401600,9.694401611328125,-0.44413071870803833,0.25576087832450867,0.04082825034856796
1782952295515329500,9.70432958984375,-0.4313772916793823,0.24024279415607452,0.028270777314901352
1782952295525256700,9.714256591796875,-0.4522055983543396,0.1393313705921173,0.009282972663640976
1782952295535185700,9.724185546875,-0.48747751116752625,0.07793369889259338,0.02851099893450737
1782952295545112600,9.734112548828126,-0.5099159479141235,0.03493748977780342,0.05952510982751846
1782952295555040500,9.74404052734375,-0.5421791076660156,0.026135612279176712,0.08121009171009064
1782952295564967700,9.7539677734375,-0.5786574482917786,0.05342502519488335,0.08659074455499649
1782952295574894600,9.76389453125,-0.61452317237854,0.07322342693805695,0.06724943220615387
1782952295584821800,9.77382177734375,-0.6469277143478394,0.09075741469860077,0.018778575584292412
1782952295594749700,9.783749755859375,-0.6703139543533325,0.08727031946182251,-0.050682857632637024
1782952295604676600,9.793676513671874,-0.6922671794891357,0.06518658995628357,-0.11030757427215576
1782952295614603500,9.803603515625,-0.7020609974861145,0.019527465105056763,-0.15156768262386322
1782952295624530400,9.813530517578124,-0.678184449672699,-0.02807973325252533,-0.18595202267169952
1782952295634458600,9.823458740234376,-0.6805345416069031,-0.10283541679382324,-0.20433883368968964
1782952295644385500,9.833385498046875,-0.6911706924438477,-0.1303887516260147,-0.2045348435640335
1782952295654312700,9.843312744140626,-0.6879024505615234,-0.12567615509033203,-0.19962629675865173
1782952295664239600,9.853239501953125,-0.6597853302955627,-0.08152387291193008,-0.19140751659870148
1782952295674167600,9.86316748046875,-0.6492343544960022,-0.06166090816259384,-0.19087667763233185
1782952295684094700,9.8730947265625,-0.6428504586219788,-0.013761026784777641,-0.19490498304367065
1782952295694021600,9.883021728515626,-0.6450059413909912,0.002174729947000742,-0.2221972793340683
1782952295703948800,9.89294873046875,-0.660126805305481,-0.013719282113015652,-0.26386961340904236
1782952295713876700,9.902876708984374,-0.6927288174629211,-0.049100395292043686,-0.31050482392311096
1782952295723802600,9.912802734375,-0.7209879159927368,-0.10347629338502884,-0.3689524233341217
1782952295733729500,9.9227294921875,-0.735892653465271,-0.12896955013275146,-0.41171467304229736
1782952295743657500,9.932657470703125,-0.7299655079841614,-0.09996506571769714,-0.42902255058288574
1782952295753584600,9.942584716796874,-0.704557478427887,-0.0411650650203228,-0.43451520800590515
1782952295763511600,9.952511474609375,-0.6794965863227844,0.035109199583530426,-0.4370739758014679
1782952295773438700,9.962438720703124,-0.6414921283721924,0.10383439809083939,-0.41897615790367126
1782952295783366700,9.97236669921875,-0.5936194062232971,0.1451280564069748,-0.3869178295135498
1782952295793293800,9.9822939453125,-0.5367873907089233,0.1599012017250061,-0.3331167995929718
1782952295803220500,9.992220458984375,-0.4671657085418701,0.13183733820915222,-0.2760476768016815
1782952295813147600,10.002147705078125,-0.3860391080379486,0.09089059382677078,-0.21191637217998505
1782952295823075600,10.01207568359375,-0.30612245202064514,0.02150459587574005,-0.1390983611345291
1782952295833002500,10.02200244140625,-0.2341340333223343,-0.013925720006227493,-0.07872926443815231
1782952295842929700,10.0319296875,-0.18600086867809296,-0.0573112778365612,-0.031193973496556282
1782952295852856600,10.041856689453125,-0.15294118225574493,-0.034266144037246704,0.007814413867890835
1782952295862784500,10.051784423828124,-0.12244506925344467,-0.006044628098607063,0.02886590175330639
1782952295872711700,10.061711669921875,-0.10723091661930084,0.027677137404680252,0.03980846330523491
1782952295882638600,10.071638671875,-0.10423032939434052,0.06292753666639328,0.041219137609004974
1782952295892565800,10.081565673828125,-0.09453562647104263,0.08263972401618958,0.04912487789988518
1782952295902493700,10.09149365234375,-0.08923833072185516,0.12075860798358917,0.048201028257608414
1782952295912420600,10.101420654296875,-0.08499711006879807,0.11646899580955505,0.035136912018060684
1782952295922347500,10.111347412109374,-0.058951131999492645,0.05915270373225212,0.002843687776476145
1782952295932275500,10.121275390625,-0.034136995673179626,-0.014222774654626846,-0.05627698451280594
1782952295942202600,10.13120263671875,-0.005560745485126972,-0.09021846950054169,-0.11072611063718796
1782952295952129500,10.141129638671876,0.03178955614566803,-0.1638745814561844,-0.1422671377658844
1782952295962056700,10.151056640625,0.06945064663887024,-0.1626599133014679,-0.13491813838481903
1782952295971984600,10.160984619140624,0.10582756251096725,-0.11035770177841187,-0.08002260327339172
1782952295981911600,10.17091162109375,0.13770772516727448,-0.04333365336060524,0.016315119341015816
1782952295991838700,10.180838623046874,0.14608465135097504,0.009287988767027855,0.1211504191160202
1782952296001765600,10.190765625,0.14175941050052643,0.06986159086227417,0.21462072432041168
1782952296011693800,10.20069384765625,0.119622603058815,0.08442637324333191,0.28123578429222107
1782952296021620500,10.210620361328125,0.09306183457374573,0.015268336981534958,0.3014238774776459
1782952296031547600,10.220547607421874,0.06832044571638107,-0.11453297734260559,0.26702433824539185
1782952296041474600,10.230474609375,0.05565471574664116,-0.23091764748096466,0.16873079538345337
1782952296051402500,10.240402587890625,0.05456508696079254,-0.3095696270465851,0.025080591440200806
1782952296061329700,10.25032958984375,0.0635862722992897,-0.3712250292301178,-0.14242957532405853
1782952296071256600,10.260256591796875,0.08208632469177246,-0.4070323705673218,-0.2963546812534332
1782952296081183700,10.270183837890626,0.09109233319759369,-0.3778265416622162,-0.3796423673629761
1782952296091111700,10.280111572265625,0.09284146130084991,-0.39217060804367065,-0.3747822642326355
1782952296101038600,10.29003857421875,0.07302407920360565,-0.3673557937145233,-0.31865373253822327
1782952296110965800,10.2999658203125,0.03382501006126404,-0.30403488874435425,-0.24498924612998962
1782952296120892400,10.309892333984376,-0.02133198454976082,-0.2633098363876343,-0.15640851855278015
1782952296130820600,10.319820556640625,-0.07067237049341202,-0.18231616914272308,-0.06885642558336258
1782952296140747500,10.32974755859375,-0.09513376653194427,-0.1038874164223671,0.022880150005221367
1782952296150674700,10.3396748046875,-0.10383174568414688,-0.0688081681728363,0.10536850988864899
1782952296160602600,10.3496025390625,-0.10239870101213455,-0.137234628200531,0.15470409393310547
1782952296170529500,10.359529541015625,-0.08216653019189835,-0.273951917886734,0.1816796213388443
1782952296180456700,10.369456787109375,-0.05571175366640091,-0.34545621275901794,0.19146700203418732
1782952296190383600,10.379383544921875,-0.01800365559756756,-0.4011043310165405,0.20620974898338318
1782952296200311600,10.3893115234375,0.045027509331703186,-0.4394751787185669,0.266067236661911
1782952296210238700,10.39923876953125,0.14918847382068634,-0.40457314252853394,0.3343571722507477
1782952296220165600,10.40916552734375,0.26762300729751587,-0.3200116455554962,0.3645092248916626
1782952296230092500,10.419092529296876,0.37690258026123047,-0.2671617865562439,0.3361566364765167
1782952296240020500,10.4290205078125,0.4576972723007202,-0.2573477625846863,0.26475462317466736
1782952296249947600,10.43894775390625,0.5081630945205688,-0.27643731236457825,0.1804429292678833
1782952296259874600,10.44887451171875,0.5495060086250305,-0.24298377335071564,0.1001315638422966
1782952296269801700,10.4588017578125,0.5774351954460144,-0.1707994043827057,0.0736665353178978
1782952296279729700,10.468729736328125,0.5771851539611816,-0.14787757396697998,0.008058230392634869
1782952296289656600,10.478656494140624,0.5834210515022278,-0.14714165031909943,-0.04852676019072533
1782952296299583700,10.488583740234375,0.5795648097991943,-0.08327212929725647,-0.10973978787660599
1782952296309510700,10.4985107421875,0.555832028388977,0.016413964331150055,-0.2051607370376587
1782952296319438600,10.5084384765625,0.5167557597160339,0.11052262037992477,-0.3139559328556061
1782952296329365800,10.51836572265625,0.48444437980651855,0.14610818028450012,-0.3899024426937103
1782952296339292400,10.52829248046875,0.4509604573249817,0.15361802279949188,-0.38817429542541504
1782952296349219600,10.538219482421875,0.41351640224456787,0.1505575180053711,-0.33086228370666504
1782952296359147500,10.5481474609375,0.35506775975227356,0.18130157887935638,-0.25775638222694397
1782952296369074700,10.55807470703125,0.31084275245666504,0.18566851317882538,-0.2017313838005066
1782952296379001600,10.568001708984376,0.28212374448776245,0.14484252035617828,-0.16579335927963257
1782952296388928800,10.5779287109375,0.2745135724544525,0.10999413579702377,-0.1399838924407959
1782952296398856700,10.587856689453124,0.2720448076725006,0.09452090412378311,-0.12520921230316162
1782952296408783600,10.59778369140625,0.27822786569595337,0.08274853974580765,-0.11055456846952438
1782952296418710800,10.607710693359374,0.2864874005317688,0.09783294796943665,-0.08015138655900955
1782952296428638700,10.617638671875,0.27005383372306824,0.1318817287683487,-0.03992901369929314
1782952296438565600,10.627565673828125,0.23773343861103058,0.15062718093395233,0.007849163375794888
1782952296448492500,10.637492431640625,0.18751803040504456,0.15656007826328278,0.050070129334926605
1782952296458419500,10.64741943359375,0.13720132410526276,0.14234812557697296,0.09672445058822632
1782952296468347600,10.65734765625,0.0976511761546135,0.12448519468307495,0.13904879987239838
1782952296478274600,10.667274658203125,0.07962876558303833,0.12406201660633087,0.16087393462657928
1782952296488201700,10.67720166015625,0.07595093548297882,0.11707282066345215,0.1514495462179184
1782952296498128600,10.687128662109375,0.06917420774698257,0.08273319900035858,0.11454075574874878
1782952296508056600,10.697056640625,0.058984339237213135,0.033429525792598724,0.06134045124053955
1782952296517983700,10.706983642578125,0.04437397047877312,-0.010643662884831429,-0.007231953553855419
1782952296527910700,10.71691064453125,0.03976771980524063,-0.009398125112056732,-0.05725959688425064
1782952296537837600,10.726837646484375,0.03187544271349907,0.06780638545751572,-0.08928623795509338
1782952296547765800,10.736765869140624,0.020670989528298378,0.19192713499069214,-0.08035313338041306
1782952296557692400,10.7466923828125,0.0016754602547734976,0.31054192781448364,-0.03749488666653633
1782952296567619600,10.75661962890625,-0.030819673091173172,0.382106214761734,0.025467080995440483
1782952296577546500,10.76654638671875,-0.08087644726037979,0.4130513668060303,0.09994930773973465
1782952296587474700,10.776474609375,-0.13381622731685638,0.431282103061676,0.1667562872171402
1782952296597401600,10.786401611328126,-0.18195845186710358,0.4205373227596283,0.18814440071582794
1782952296607328800,10.796328857421875,-0.20418129861354828,0.3174457848072052,0.16258861124515533
1782952296617255700,10.806255615234376,-0.2002193182706833,0.1681891828775406,0.09752225875854492
1782952296627183600,10.81618359375,-0.1724727749824524,0.006522051524370909,0.011535423807799816
1782952296637110800,10.82611083984375,-0.14240781962871552,-0.13265633583068848,-0.05609475076198578
1782952296647037400,10.836037353515625,-0.12839190661907196,-0.1789206713438034,-0.09804509580135345
1782952296656965600,10.845965576171874,-0.1294499784708023,-0.1327473223209381,-0.10510407388210297
1782952296666892500,10.855892578125,-0.14751392602920532,-0.0718994140625,-0.09167709946632385
1782952296676819500,10.8658193359375,-0.19200576841831207,-0.022080453112721443,-0.04674850031733513
1782952296686746600,10.87574658203125,-0.26174166798591614,0.01785859651863575,0.018421679735183716
1782952296696674600,10.885674560546875,-0.35525110363960266,0.045808471739292145,0.07908263057470322
1782952296706601700,10.895601806640625,-0.4494935870170593,0.09122981131076813,0.0954168438911438
1782952296716528600,10.905528564453125,-0.5264586210250854,0.09982863068580627,0.06534842401742935
1782952296726456000,10.9154560546875,-0.5698538422584534,0.057685837149620056,0.011061818338930607
1782952296736384300,10.92538427734375,-0.6091991066932678,0.034406878054142,-0.029787609353661537
1782952296746311200,10.935311279296876,-0.6368522644042969,0.07936237007379532,-0.05627768859267235
1782952296756238300,10.94523828125,-0.6530392169952393,0.11894387006759644,-0.10156553983688354
1782952296766165200,10.955165283203126,-0.6584028601646423,0.08979261666536331,-0.15975455939769745
1782952296776093200,10.96509326171875,-0.6479901671409607,0.018380749970674515,-0.20581738650798798
1782952296786020400,10.975020263671874,-0.6379936933517456,-0.0630287304520607,-0.21529150009155273
1782952296795947300,10.984947265625,-0.6607142090797424,-0.11155818402767181,-0.2199871838092804
1782952296805874400,10.99487451171875,-0.6545577645301819,-0.17886412143707275,-0.20477275550365448
1782952296815802400,11.00480224609375,-0.6058429479598999,-0.21444767713546753,-0.1594092696905136
1782952296825729000,11.01472900390625,-0.5669384598731995,-0.19342218339443207,-0.12194029241800308
1782952296835656200,11.02465625,-0.5619080066680908,-0.16367360949516296,-0.09515927731990814
1782952296845583000,11.0345830078125,-0.582964301109314,-0.11483946442604065,-0.07079970836639404
1782952296855511300,11.04451123046875,-0.6108755469322205,-0.038572654128074646,-0.06757382303476334
1782952296865438200,11.054438232421875,-0.6281190514564514,0.019913136959075928,-0.09140002727508545
1782952296875365400,11.064365478515626,-0.6272258162498474,0.04451674968004227,-0.11929983645677567
1782952296885292300,11.074292236328125,-0.6128540635108948,0.07853636890649796,-0.14576706290245056
1782952296895220200,11.08422021484375,-0.5857909917831421,0.11962734907865524,-0.1624498963356018
1782952296905147400,11.0941474609375,-0.5439003705978394,0.14457327127456665,-0.15499797463417053
1782952296915074300,11.10407421875,-0.49841412901878357,0.15149535238742828,-0.11267421394586563
1782952296925002200,11.114002197265625,-0.45067575573921204,0.15391170978546143,-0.059684935957193375
1782952296934929200,11.12392919921875,-0.40361395478248596,0.13938602805137634,-0.015626931563019753
1782952296944856000,11.13385595703125,-0.38211628794670105,0.1550031304359436,0.16326022148132324
1782952296954783200,11.143783203125,-0.39717379212379456,-0.11151990294456482,0.21239927411079407
1782952296964711200,11.153711181640626,-0.39218124747276306,-0.29494449496269226,0.13582606613636017
1782952296974638300,11.163638427734375,-0.3543683588504791,-0.26076415181159973,0.042409300804138184
1782952296984565200,11.173565185546876,-0.3326035439968109,-0.22193600237369537,-0.049711186438798904
1782952296994492400,11.183492431640625,-0.31957003474235535,-0.15702225267887115,-0.1106128916144371
1782952297004420400,11.19342041015625,-0.3041060268878937,-0.04765257239341736,-0.1129755899310112
1782952297014347300,11.20334716796875,-0.29892030358314514,0.01708461530506611,-0.08683612942695618
